0.241 50.113
0.241 49.661
0.241 49.213
0.241 48.768
0.241 48.328
0.241 47.892
0.241 47.459
0.241 47.031
0.241 46.605
0.241 46.186
0.241 45.769
0.241 45.355
0.241 44.946
0.241 44.54
0.241 44.138
0.241 43.74
0.241 43.345
0.241 42.952
0.241 42.565
0.241 42.181
0.241 41.8
0.241 41.423
0.241 41.049
0.241 40.679
0.241 40.311
0.241 39.947
0.241 39.587
0.241 39.229
0.241 38.875
0.241 38.524
0.241 38.176
0.241 37.831
0.241 37.49
0.241 37.152
0.241 36.815
0.241 36.484
0.241 36.155
0.241 35.827
0.241 35.505
0.241 35.184
0.241 34.866
0.241 34.552
0.241 34.24
0.241 33.931
0.241 33.624
0.241 33.321
0.241 33.02
0.241 32.722
0.241 32.426
0.241 32.134
0.241 31.843
0.241 31.556
0.241 31.271
0.241 30.988
0.241 30.709
0.241 30.432
0.241 30.157
0.241 29.885
0.241 29.615
0.241 29.347
0.241 29.083
0.241 28.819
0.241 28.56
0.241 28.302
0.241 28.047
0.241 27.793
0.241 27.542
0.241 27.294
0.241 27.047
0.241 26.803
0.241 26.561
0.241 26.321
0.241 26.084
0.241 25.847
0.241 25.615
0.241 25.384
0.241 25.155
0.241 24.927
0.241 24.702
0.241 24.479
0.241 24.258
0.241 24.039
0.241 23.822
0.241 23.607
0.241 23.394
0.241 23.183
0.241 22.974
0.241 22.766
0.241 22.561
0.241 22.357
0.241 22.155
0.241 21.955
0.241 21.757
0.241 21.561
0.241 21.366
0.241 21.173
0.241 20.982
0.241 20.792
0.241 20.605
0.241 20.419
0.241 20.234
0.241 20.052
0.241 19.871
0.241 19.69
0.241 19.513
0.241 19.337
0.241 19.163
0.241 18.99
0.241 18.818
0.241 18.648
0.241 18.48
0.241 18.313
0.241 18.148
0.241 17.984
0.241 17.822
0.241 17.661
0.241 17.501
0.241 17.343
0.241 17.187
0.241 17.032
0.241 16.878
0.241 16.725
0.241 16.573
0.241 16.425
0.241 16.276
0.241 16.13
0.241 15.984
0.241 15.839
0.241 15.697
0.241 15.555
0.241 15.414
0.241 15.275
0.241 15.137
0.241 15.001
0.241 14.865
0.241 14.73
0.241 14.597
0.241 14.466
0.241 14.336
0.241 14.206
0.241 14.078
0.241 13.951
0.241 13.825
0.241 13.7
0.241 13.576
0.241 13.454
0.241 13.332
0.241 13.212
0.241 13.093
0.241 12.975
0.241 12.857
0.241 12.741
0.241 12.626
0.241 12.512
0.241 12.399
0.241 12.287
0.241 12.177
0.241 12.067
0.241 11.958
0.241 11.85
0.241 11.742
0.241 11.637
0.241 11.532
0.241 11.428
0.241 11.324
0.241 11.222
0.241 11.121
0.241 11.02
0.241 10.921
0.241 10.822
0.241 10.725
0.241 10.628
0.241 10.532
0.241 10.437
0.241 10.343
0.241 10.249
0.241 10.157
0.241 10.065
0.241 9.974
0.241 9.884
0.241 9.795
0.241 9.706
0.241 9.619
0.241 9.532
0.241 9.446
0.241 9.361
0.241 9.276
0.241 9.192
0.241 9.109
0.241 9.027
0.241 8.946
0.241 8.865
0.241 8.785
0.241 8.705
0.241 8.627
0.241 8.549
0.241 8.472
0.241 8.395
0.241 8.32
0.241 8.244
0.241 8.17
0.241 8.096
0.241 8.023
0.241 7.951
0.241 7.879
0.241 7.808
0.241 7.737
0.241 7.667
0.241 7.597
0.241 7.53
0.241 7.462
0.241 7.394
0.241 7.328
0.241 7.261
0.241 7.196
0.241 7.131
0.241 7.066
0.241 7.003
0.241 6.939
0.241 6.877
0.241 6.815
0.241 6.753
0.241 6.692
0.238 6.632
0.237 6.572
0.237 6.513
0.234 6.454
0.233 6.396
0.233 6.338
0.231 6.281
0.231 6.224
0.231 6.168
0.231 6.112
0.231 6.057
0.231 6.002
0.231 5.948
0.231 5.894
0.231 5.841
0.231 5.788
0.231 5.736
0.231 5.684
0.233 5.633
0.233 5.581
0.234 5.532
0.234 5.482
0.234 5.432
0.237 5.383
0.237 5.335
0.237 5.286
0.237 5.238
0.237 5.191
0.237 5.145
0.237 5.098
0.237 5.052
0.237 5.006
0.237 4.96
0.237 4.917
0.237 4.871
0.237 4.827
0.237 4.785
0.237 4.741
0.237 4.698
0.237 4.656
0.234 4.613
0.234 4.572
0.233 4.531
0.233 4.49
0.231 4.45
0.229 4.41
0.229 4.37
0.229 4.33
0.229 4.291
0.229 4.252
0.229 4.214
0.229 4.176
0.229 4.138
0.229 4.101
0.229 4.064
0.229 4.027
0.229 3.991
0.229 3.955
0.229 3.919
0.229 3.884
0.229 3.849
0.229 3.814
0.229 3.78
0.229 3.745
0.229 3.712
0.229 3.678
0.229 3.645
0.229 3.612
0.229 3.579
0.229 3.547
0.229 3.515
0.229 3.483
0.229 3.452
0.229 3.421
0.229 3.39
0.229 3.359
0.229 3.329
0.227 3.299
0.227 3.269
0.225 3.238
0.225 3.21
0.223 3.181
0.223 3.153
0.222 3.124
0.222 3.096
0.22 3.068
0.22 3.04
0.218 3.013
0.218 2.986
0.216 2.959
0.216 2.932
0.214 2.905
0.214 2.879
0.213 2.853
0.211 2.827
0.211 2.802
0.211 2.777
0.211 2.752
0.211 2.726
0.211 2.702
0.211 2.678
0.211 2.654
0.211 2.63
0.211 2.605
0.211 2.581
0.211 2.559
0.213 2.536
0.214 2.513
0.214 2.49
0.216 2.468
0.218 2.446
0.22 2.423
0.222 2.423
0.223 2.423
0.225 2.423
0.227 2.423
0.229 2.423
0.231 2.423
0.233 2.402
0.234 2.402
0.237 2.38
0.238 2.38
0.241 2.358
0.242 2.337
0.245 2.337
0.246 2.316
0.249 2.316
0.251 2.295
0.253 2.295
0.255 2.295
0.257 2.295
0.259 2.274
0.261 2.274
0.263 2.274
0.265 2.274
0.268 2.254
0.27 2.254
0.272 2.254
0.274 2.254
0.277 2.254
0.279 2.234
0.281 2.234
0.283 2.234
0.286 2.234
0.288 2.234
0.291 2.234
0.293 2.234
0.295 2.234
0.298 2.234
0.3 2.234
0.303 2.234
0.305 2.234
0.308 2.234
0.31 2.234
0.313 2.234
0.315 2.234
0.318 2.234
0.321 2.234
0.323 2.234
0.326 2.234
0.329 2.234
0.331 2.234
0.334 2.234
0.337 2.234
0.34 2.234
0.342 2.234
0.345 2.234
0.347 2.234
0.351 2.234
0.354 2.234
0.357 2.234
0.359 2.234
0.363 2.234
0.366 2.234
0.369 2.234
0.371 2.234
0.375 2.234
0.378 2.234
0.381 2.234
0.384 2.234
0.387 2.234
0.39 2.234
0.394 2.234
0.397 2.234
0.4 2.234
0.403 2.254
0.407 2.254
0.41 2.254
0.413 2.274
0.417 2.274
0.42 2.274
0.424 2.274
0.427 2.295
0.431 2.295
0.434 2.316
0.438 2.316
0.442 2.316
0.445 2.337
0.449 2.337
0.453 2.337
0.456 2.358
0.46 2.358
0.464 2.38
0.468 2.402
0.471 2.402
0.475 2.423
0.479 2.423
0.483 2.446
0.487 2.468
0.491 2.468
0.495 2.49
0.499 2.49
0.503 2.513
0.508 2.536
0.512 2.536
0.516 2.559
0.52 2.581
0.525 2.605
0.529 2.63
0.529 2.654
0.529 2.678
0.529 2.702
0.529 2.726
0.529 2.752
0.533 2.777
0.538 2.802
0.538 2.827
0.542 2.853
0.542 2.879
0.547 2.905
0.551 2.932
0.556 2.959
0.556 2.986
0.556 3.013
0.556 3.04
0.556 3.068
0.556 3.096
0.556 3.124
0.556 3.153
0.556 3.181
0.556 3.21
0.556 3.238
0.556 3.269
0.556 3.299
0.556 3.329
0.556 3.359
0.556 3.39
0.556 3.421
0.556 3.452
0.556 3.483
0.556 3.515
0.556 3.547
0.556 3.579
0.556 3.612
0.556 3.645
0.556 3.678
0.556 3.712
0.556 3.745
0.556 3.78
0.551 3.814
0.551 3.849
0.551 3.884
0.547 3.919
0.547 3.955
0.547 3.991
0.542 4.027
0.542 4.064
0.538 4.064
0.538 4.101
0.538 4.138
0.538 4.176
0.533 4.214
0.533 4.252
0.533 4.291
0.529 4.33
0.529 4.37
0.529 4.41
0.525 4.45
0.525 4.49
0.525 4.531
0.525 4.572
0.525 4.613
0.525 4.656
0.525 4.698
0.525 4.741
0.525 4.785
0.525 4.827
0.525 4.871
0.525 4.917
0.525 4.96
0.525 5.006
0.525 5.052
0.525 5.098
0.529 5.145
0.533 5.191
0.538 5.238
0.538 5.286
0.542 5.335
0.547 5.383
0.551 5.383
0.551 5.432
0.556 5.482
0.556 5.532
0.56 5.581
0.56 5.633
0.56 5.684
0.56 5.736
0.56 5.788
0.56 5.841
0.56 5.894
0.56 5.948
0.56 6.002
0.56 6.057
0.56 6.112
0.56 6.168
0.56 6.224
0.56 6.281
0.56 6.338
0.56 6.396
0.56 6.454
0.56 6.513
0.56 6.572
0.56 6.632
0.56 6.692
0.56 6.753
0.56 6.815
0.56 6.877
0.56 6.939
0.56 7.003
0.56 7.066
0.56 7.131
0.56 7.196
0.56 7.261
0.56 7.328
0.56 7.394
0.56 7.462
0.56 7.53
0.56 7.597
0.56 7.667
0.56 7.737
0.56 7.808
0.56 7.879
0.56 7.951
0.56 8.023
0.56 8.096
0.565 8.17
0.565 8.244
0.565 8.32
0.565 8.395
0.565 8.472
0.565 8.549
0.565 8.627
0.565 8.705
0.565 8.785
0.565 8.865
0.565 8.946
0.565 9.027
0.565 9.109
0.565 9.192
0.565 9.276
0.565 9.361
0.565 9.446
0.565 9.532
0.565 9.619
0.565 9.706
0.565 9.795
0.565 9.884
0.565 9.974
0.565 10.065
0.565 10.157
0.565 10.249
0.565 10.343
0.565 10.437
0.565 10.532
0.565 10.628
0.565 10.725
0.565 10.822
0.565 10.921
0.565 11.02
0.565 11.121
0.565 11.222
0.565 11.324
0.565 11.428
0.565 11.532
0.565 11.637
0.565 11.742
0.565 11.85
0.565 11.958
0.565 12.067
0.565 12.177
0.565 12.287
0.565 12.399
0.565 12.512
0.565 12.626
0.565 12.741
0.565 12.857
0.565 12.975
0.565 13.093
0.565 13.212
0.565 13.332
0.565 13.454
0.565 13.576
0.565 13.7
0.565 13.825
0.565 13.951
0.565 14.078
0.565 14.206
0.565 14.336
0.565 14.466
0.565 14.597
0.565 14.73
0.565 14.865
0.565 15.001
0.565 15.137
0.565 15.275
0.565 15.414
0.565 15.555
0.565 15.697
0.565 15.839
0.565 15.984
0.565 16.13
0.565 16.276
0.565 16.425
0.565 16.573
0.565 16.725
0.565 16.878
0.565 17.032
0.565 17.187
0.565 17.343
0.565 17.501
0.565 17.661
0.565 17.822
0.565 17.984
0.565 18.148
0.565 18.313
0.565 18.48
0.565 18.648
0.565 18.818
0.565 18.99
0.565 19.163
0.565 19.337
0.565 19.513
0.565 19.69
0.565 19.871
0.565 20.052
0.565 20.234
0.565 20.419
0.565 20.605
0.565 20.792
0.565 20.982
0.565 21.173
0.565 21.366
0.565 21.561
0.565 21.757
0.565 21.955
0.565 22.155
0.565 22.357
0.565 22.561
0.565 22.766
0.565 22.974
0.565 23.183
0.565 23.394
0.565 23.607
0.565 23.822
0.565 24.039
0.565 24.258
0.565 24.479
0.565 24.702
0.565 24.927
0.565 25.155
0.565 25.384
0.565 25.615
0.565 25.847
0.565 26.084
0.565 26.321
0.565 26.561
0.565 26.803
0.565 27.047
0.565 27.294
0.565 27.542
0.565 27.793
0.565 28.047
0.565 28.302
0.565 28.56
0.565 28.819
0.565 29.083
0.565 29.347
0.565 29.615
0.565 29.885
0.565 30.157
0.565 30.432
0.565 30.709
0.565 30.988
0.565 31.271
0.565 31.556
0.565 31.843
0.565 32.134
0.565 32.426
0.565 32.722
0.565 33.02
0.565 33.321
0.565 33.624
0.565 33.931
0.565 34.24
0.565 34.552
0.565 34.866
0.565 35.184
0.565 35.505
0.565 35.827
0.565 36.155
0.565 36.484
0.565 36.815
0.565 37.152
0.565 37.49
0.565 37.831
0.565 38.176
0.565 38.524
0.565 38.875
0.565 39.229
0.565 39.587
0.565 39.947
0.565 40.311
0.565 40.679
0.565 41.049
0.565 41.423
0.565 41.8
0.565 42.181
0.565 42.565
0.565 42.952
0.565 43.345
0.565 43.74
0.565 44.138
0.565 44.54
0.565 44.946
0.565 45.355
0.565 45.769
0.565 46.186
0.565 46.605
0.565 47.031
0.565 47.459
0.565 47.892
0.565 48.328
0.569 48.768
0.575 49.213
