0.29 1.45
0.29 1.45
0.29 1.45
0.28 1.45
0.28 1.45
0.28 1.45
0.28 1.45
0.27 1.45
0.27 1.45
0.27 1.45
0.27 1.45
0.27 1.45
0.26 1.45
0.26 1.45
0.26 1.45
0.26 1.45
0.25 1.45
0.25 1.45
0.25 1.45
0.25 1.45
0.25 1.45
0.24 1.45
0.24 1.45
0.24 1.45
0.24 1.45
0.24 1.45
0.23 1.45
0.23 1.45
0.23 1.45
0.23 1.45
0.23 1.45
0.23 1.45
0.22 1.45
0.22 1.45
0.22 1.45
0.22 1.45
0.22 1.43
0.21 1.43
0.21 1.42
0.21 1.42
0.21 1.41
0.21 1.41
0.21 1.39
0.2 1.38
0.2 1.37
0.2 1.35
0.2 1.34
0.2 1.33
0.2 1.32
0.2 1.31
0.19 1.3
0.19 1.28
0.19 1.27
0.19 1.26
0.19 1.26
0.19 1.25
0.19 1.24
0.19 1.23
0.19 1.22
0.19 1.21
0.19 1.19
0.19 1.18
0.19 1.17
0.19 1.16
0.19 1.15
0.18 1.14
0.18 1.13
0.18 1.12
0.18 1.11
0.18 1.1
0.18 1.09
0.18 1.08
0.18 1.07
0.18 1.06
0.18 1.05
0.19 1.04
0.19 1.03
0.19 1.02
0.19 1.01
0.19 1.01
0.19 1.0
0.19 0.99
0.19 0.98
0.19 0.97
0.19 0.96
0.19 0.95
0.19 0.94
0.2 0.94
0.2 0.94
0.2 0.94
0.2 0.93
0.2 0.93
0.2 0.92
0.2 0.92
0.21 0.91
0.21 0.9
0.21 0.89
0.21 0.89
0.21 0.89
0.21 0.89
0.22 0.88
0.22 0.88
0.22 0.88
0.22 0.87
0.22 0.87
0.22 0.85
0.23 0.85
0.23 0.85
0.23 0.85
0.23 0.85
0.23 0.85
0.23 0.85
0.24 0.83
0.24 0.83
0.24 0.83
0.24 0.81
0.24 0.81
0.25 0.81
0.25 0.81
0.25 0.81
0.25 0.81
0.25 0.81
0.26 0.81
0.26 0.81
0.26 0.81
0.26 0.81
0.27 0.81
0.27 0.81
0.27 0.81
0.27 0.81
0.27 0.81
0.28 0.81
0.28 0.81
0.28 0.81
0.28 0.81
0.29 0.81
0.29 0.81
0.29 0.81
0.29 0.81
0.3 0.81
0.3 0.81
0.3 0.81
0.3 0.81
0.31 0.81
0.31 0.81
0.31 0.81
0.31 0.81
0.32 0.81
0.32 0.81
0.32 0.81
0.32 0.81
0.33 0.81
0.33 0.81
0.33 0.81
0.33 0.83
0.33 0.83
0.34 0.83
0.34 0.85
0.34 0.85
0.35 0.85
0.35 0.85
0.35 0.87
0.35 0.88
0.35 0.88
0.35 0.89
0.35 0.89
0.35 0.9
0.37 0.91
0.37 0.91
0.37 0.92
0.37 0.93
0.37 0.93
0.38 0.94
0.38 0.94
0.38 0.95
0.39 0.95
0.39 0.96
0.39 0.97
0.39 0.97
0.4 0.98
0.4 0.99
0.4 1.0
0.41 1.01
0.41 1.01
0.41 1.01
0.41 1.02
0.42 1.02
0.42 1.03
0.42 1.04
0.43 1.04
0.43 1.05
0.43 1.06
0.43 1.06
0.44 1.07
0.44 1.08
0.44 1.09
0.45 1.1
0.45 1.11
0.45 1.12
0.46 1.13
0.46 1.14
0.46 1.15
0.46 1.16
0.46 1.17
0.47 1.18
0.47 1.19
0.47 1.21
0.47 1.22
0.48 1.23
0.48 1.24
0.48 1.25
0.48 1.26
0.48 1.27
0.49 1.28
0.49 1.3
0.49 1.31
0.49 1.32
0.49 1.33
0.48 1.34
0.48 1.35
0.48 1.37
0.48 1.38
0.48 1.38
0.47 1.39
0.47 1.39
0.46 1.41
0.46 1.41
0.46 1.41
0.45 1.42
0.45 1.42
0.45 1.43
0.44 1.43
0.44 1.45
0.43 1.45
0.43 1.45
0.43 1.46
0.42 1.46
0.42 1.46
0.42 1.46
0.41 1.46
0.41 1.46
0.41 1.46
0.4 1.46
0.4 1.46
0.4 1.46
0.39 1.46
0.39 1.46
0.39 1.46
0.38 1.46
0.38 1.46
0.38 1.46
0.37 1.46
0.37 1.46
0.37 1.46
0.37 1.46
0.35 1.46
0.35 1.46
0.35 1.46
0.35 1.46
0.35 1.46
0.35 1.46
0.35 1.46
0.34 1.46
0.34 1.46
0.34 1.46
0.33 1.46
0.33 1.46
0.33 1.46
0.33 1.46
0.32 1.46
0.32 1.46
0.32 1.46
0.32 1.46
0.31 1.46
0.31 1.46
0.31 1.46
0.31 1.46
0.3 1.46
0.3 1.45
0.3 1.45
