0.98469938 0.03586931
0.87307371 0.03831413
0.78482364 0.04131172
0.73520585 0.04371226
0.63635893 0.04603867
0.56035161 0.04826068
0.51244478 0.05179156
0.46541645 0.05327817
0.42416339 0.05637548
0.38923799 0.06164848
0.34157016 0.06432094
0.2876261 0.06806516
0.26944455 0.07443013
0.24137481 0.07692838
0.22767555 0.08216707
0.19504096 0.08373895
0.18021712 0.09287158
0.16311658 0.09598792
0.15071806 0.1039829
0.1327156 0.1074748
0.12648084 0.11371814
0.11566681 0.11976428
0.1072423 0.12672473
0.10220381 0.13220823
0.09508622 0.13989145
0.0921909 0.15011821
0.08606579 0.15735506
0.08202244 0.16571499
0.07763317 0.17288673
0.0739864 0.18552854
0.07605199 0.20574226
0.07953022 0.22285352
0.0866705 0.24024647
0.09910899 0.25535794
0.11101645 0.2541336
0.1388197 0.2688294
0.19578406 0.28703006
0.28090948 0.29933755
0.35368492 0.31664535
0.31467031 0.33506083
0.22235734 0.35295891
0.16430815 0.37355004
0.12566147 0.40664144
0.09878353 0.42232191
0.08346917 0.44690451
0.0707719 0.47291651
0.06274901 0.50042199
0.05797888 0.52455115
0.05602021 0.55241244
0.05450164 0.5983954
0.05284202 0.6391289
0.05018653 0.66678672
0.04255207 0.69899281
0.02816743 0.74333272
0.01602778 0.78688666
0.01168178 0.83672799
0.0106463 0.87296987
0.00966923 0.88962225
0.00924676 0.9546701
0.0095704 1.01959442
0.0121329 1.0634343
0.01728902 1.13542166
0.02846343 1.18953736
0.04055948 1.26410341
0.04226859 1.33742676
0.03825811 1.42185618
0.03608661 1.49741053
0.03210593 1.58449698
0.03049263 1.67654755
0.02712898 1.7657305
0.02639344 1.87707341
0.02480989 1.96755036
0.0234019 2.13139041
0.02779191 2.27605235
0.03523343 2.40763934
0.04256794 2.46448343
0.05107692 2.53457476
0.08180805 2.65544308
0.11302206 2.83527934
0.13013435 3.0278018
0.10883088 3.159197
0.08644083 3.40675172
0.1173864 3.56975364
0.14280261 3.77627747
0.19459451 4.03207168
0.2879781 4.24456986
0.43356501 4.46819652
0.52023538 4.72675844
0.3910892 5.09740502
0.41321179 5.34253137
0.56500916 5.49381636
0.64387516 5.73059737
0.88648504 5.92060651
0.81069004 6.20614293
0.97274698 6.53447838
