0.981857786642486 2.23923205125451
0.957827050977215 2.50217065720072
0.929739362588395 2.70439051688483
0.906969061803638 2.92295333524483
0.880367850398509 3.12429890759265
0.858797145935147 3.30264192348711
0.821279324976721 3.53014207558541
0.793250388559668 3.85803749939893
0.754841683593732 4.16983549748484
0.704178222870736 4.71149277752143
0.660182521429167 5.26473304672579
0.628216882262848 5.69021704595638
0.606770097605138 6.08218362102503
0.583151775536106 6.50115053627934
0.554919008571944 7.10500654680984
0.533316003003338 7.51057859128632
0.50749316407582 8.11756682548435
0.485325278574844 8.77361049688695
0.47343124017287 9.1720302856998
0.450513002530398 10.1358814564408
0.414064004490738 11.7096710567985
0.39401527534435 12.6560205918466
0.373087912445066 14.3000244605847
0.355033105581413 16.3379728646384
0.336178077550035 18.6663566948015
0.321504173548008 21.5646658521346
0.312079737189832 23.8308084378852
0.309013820581909 26.9264055872989
0.305972912629435 29.4274508661516
0.309043073923457 32.519861388769
0.312137089050888 34.3761787028546
0.316835406472724 37.154384903044
0.323202222540089 39.2752527371714
0.328061613061874 41.0587873386525
0.334654020054455 43.4025285041183
0.341377000725145 45.3734874664167
0.346507722084755 46.9102241917727
0.353468835886531 49.0404716676872
0.360567786137157 50.7014040325686
0.364173590258791 52.4185898596803
0.369646932675467 54.1939343753155
0.375204625895931 56.6549435455325
0.378961023907593 59.8889534133739
0.378967354546293 61.917308721561
0.380862845714278 64.7290452436527
0.377110694264714 69.1878597258961
0.373391349548688 72.3297603687598
0.367874854326035 74.7794684538424
0.358857216791918 77.3121447344715
0.350058677414068 79.0480728113298
0.339783961937596 80.8229785455584
0.326552530303958 83.560340082415
0.315395526144005 84.4932433760717
0.295680341170833 88.3301791727945
0.275822582030896 91.3217991224969
0.26246157311222 94.4147410666443
0.247279074131499 97.6124366398461
0.232974830479992 100.918433701389
0.218411713706708 105.501256366801
0.20886426035552 106.679117412513
0.19678218151116 110.292190303983
0.189118288879372 112.768635763677
0.178178446547028 116.587952146942
0.168707325773013 120.536623448236
0.159740534331487 126.01033077494
0.14827494972013 131.732605475122
0.1383176407801 137.714735280382
0.131618185394701 143.96852051125
0.124623375068769 152.186613882356
0.116255019770838 160.873817156213
0.10953128667818 170.056908332403
0.105267231997238 179.764193967585
0.099179541599422 192.147123275971
0.095317949747061 200.872746131439
0.090701702032357 212.339079032246
0.086738781302703 224.459939701126
0.08253756306153 234.652924881446
0.078540269394691 248.047517252269
0.074366269535052 262.206707400305
0.070414487781365 280.268630913884
0.068010218954646 296.267085087498
0.065362580081038 313.178772165953
0.062197417070635 334.75187029537
0.060373852302556 365.845124910248
0.059779399309672 395.411913095763
0.061590495989775 432.139544462824
0.063455402222416 456.807180923429
0.065053217994027 488.274020365092
0.066690895626303 516.145957062059
0.068710237489284 545.608895579395
0.070090581279697 570.385625869427
0.072212460537502 596.287496106477
0.075142169660484 637.362338369517
0.078579202416549 666.305698499368
0.082173446419236 696.563410050971
0.086359977863964 728.195159240856
0.092581561161425 769.762411510849
0.097298360004532 804.718211923808
0.103790003429466 831.972895195431
0.110165593738132 850.653596822776
0.117516379728969 889.282759414309
0.125356249963063 909.250267955628
0.135054875619283 940.045306144865
0.144782139417184 961.152611420903
0.152914372975281 982.733849530926
0.160703187869507 1004.79966192481
0.178372023516889 1016.01767411995
0.197004745753849 1050.42877541752
0.215430669592785 1062.15621050661
0.232096926032291 1086.00533271323
0.248810826841808 1086.00533271323
0.269394215639076 1110.38995113443
0.294590752306358 1122.78681837593
0.317379263818775 1135.32208953332
0.347063859084764 1147.99730980699
0.372056826525031 1147.99730980699
0.406855433650323 1160.81404164857
0.444906289449359 1160.81404164857
0.476947799541306 1173.77386495361
0.518975643560343 1200.12919392622
0.564700622086145 1200.12919392622
0.626784279114822 1200.12919392622
0.69916145411136 1213.5279483679
0.78768237562774 1227.0762922217
0.848614732616507 1240.77589556765
0.909735808987091 1268.63565449171
0.97041620662611 1268.63565449171
