0.10134613735973 7.28981929737424
0.102436082603499 7.26560320780782
0.10353774985923 7.26560320780782
0.104651265193407 7.24146756179837
0.105212505656019 7.24146756179837
0.106914351156637 7.21741209211999
0.108064180756163 7.21741209211999
0.109226376404714 7.21741209211999
0.109812153001963 7.21741209211999
0.110401071095188 7.19343653243452
0.112186843280112 7.19343653243452
0.114001500893999 7.19343653243452
0.114612886288929 7.19343653243452
0.115845511167782 7.19343653243452
0.117719348890004 7.19343653243452
0.120265032457051 7.16954061728851
0.123524690577893 7.14572408211035
0.125522741451831 7.14572408211035
0.127553111429554 7.14572408211035
0.129616323282772 7.14572408211035
0.13171290823919 7.14572408211035
0.134561202841853 7.14572408211035
0.137471091879353 7.14572408211035
0.141197102273817 7.14572408211035
0.144250492785762 7.14572408211035
0.145024102289225 7.14572408211035
0.148160251762566 7.12198666320731
0.151364220538795 7.12198666320731
0.15463747521186 7.12198666320731
0.157981514090841 7.12198666320731
0.163133650255386 7.09832809776259
0.165772388558932 7.09832809776259
0.170265476046939 7.09832809776259
0.174880343979508 7.09832809776259
0.177709088763147 7.09832809776259
0.182525708045573 7.09832809776259
0.18647283058674 7.09832809776259
0.190505309741623 7.09832809776259
0.194624991348914 7.09832809776259
0.197773112038273 7.09832809776259
0.202049960033669 7.09832809776259
0.206419294963145 7.09832809776259
0.209758192237603 7.09832809776259
0.213151097229757 7.09832809776259
0.217760494500743 7.09832809776259
0.222469570091371 7.12198666320731
0.226068085634022 7.12198666320731
0.232195425028898 7.12198666320731
0.235951259346175 7.12198666320731
0.242346471844249 7.12198666320731
0.246266502549033 7.12198666320731
0.254297812802012 7.09832809776259
0.258411160220512 7.09832809776259
0.266838535357128 7.12198666320731
0.275540746346936 7.12198666320731
0.284526756211631 7.12198666320731
0.296965607761634 7.12198666320731
0.305014550460724 7.12198666320731
0.311610496973677 7.12198666320731
0.320056374102281 7.12198666320731
0.325233387013568 7.12198666320731
0.330494139743376 7.14572408211035
0.337641082947557 7.14572408211035
0.348652325902793 7.14572408211035
0.36002267051225 7.14572408211035
0.367808168858352 7.14572408211035
0.375762028781271 7.14572408211035
0.381840098246467 7.14572408211035
0.390097398957957 7.16954061728851
0.398533263983025 7.16954061728851
0.409335091944382 7.16954061728851
0.418186972512903 7.19343653243452
0.434140859800247 7.19343653243452
0.445907794463842 7.19343653243452
0.465401851663156 7.21741209211999
0.475466177171439 7.24146756179837
0.493605273552073 7.26560320780782
0.506983929056108 7.28981929737424
0.520725199047237 7.31411609861416
0.523517827029964 7.33849388053774
0.520725199047237 7.36295291305176
0.515184554192541 7.38749346696257
0.501589494711318 7.41211581397913
0.480579663603996 7.41211581397913
0.470407099498711 7.436820226716
0.462919234707128 7.436820226716
0.448299179760375 7.46160697869634
0.44352916565649 7.46160697869634
0.424951278838949 7.46160697869634
0.407151554778969 7.46160697869634
0.398533263983025 7.48647634435498
0.390097398957957 7.48647634435498
0.37980322903546 7.48647634435498
0.371763827896877 7.48647634435498
0.346792491927162 7.48647634435498
0.337641082947557 7.48647634435498
0.330494139743376 7.48647634435498
0.323498477884219 7.48647634435498
0.318349080978303 7.48647634435498
0.306650331041948 7.48647634435498
0.298558222191779 7.48647634435498
0.290679653713213 7.48647634435498
0.278504098811761 7.48647634435498
0.272608924684954 7.48647634435498
0.263999307371492 7.48647634435498
0.251592021204755 7.48647634435498
0.247587219747826 7.48647634435498
0.241053710635664 7.48647634435498
0.232195425028898 7.48647634435498
0.223662665312956 7.48647634435498
0.215443469003188 7.48647634435498
0.210883116858729 7.48647634435498
0.205318181935993 7.48647634435498
0.202049960033669 7.48647634435498
0.198833761163608 7.48647634435498
0.193586793280164 7.48647634435498
0.189489087501665 7.46160697869634
0.185478119007061 7.46160697869634
0.179620293088423 7.46160697869634
0.174880343979508 7.46160697869634
0.169357220189447 7.46160697869634
0.163133650255386 7.46160697869634
0.159680554669719 7.46160697869634
0.155466789678003 7.46160697869634
0.153812584600389 7.436820226716
0.150556790617528 7.436820226716
0.146583790054739 7.436820226716
0.143481009987132 7.436820226716
0.140443907332726 7.436820226716
0.137471091879353 7.436820226716
0.13384340611929 7.41211581397913
0.132419279188605 7.41211581397913
0.129616323282772 7.38749346696257
0.125522741451831 7.38749346696257
0.122865766488483 7.38749346696257
0.11962349652906 7.38749346696257
0.117091392532369 7.38749346696257
0.115845511167782 7.38749346696257
0.115227550518771 7.36295291305176
0.112186843280112 7.33849388053774
0.110401071095188 7.33849388053774
0.108064180756163 7.33849388053774
0.106344032452326 7.33849388053774
0.105212505656019 7.33849388053774
0.10353774985923 7.33849388053774
0.101889652556709 7.33849388053774
