0.197773112038273 8.87108782030274
0.208639268359552 8.87108782030274
0.214294217861833 8.87108782030274
0.220102438865326 8.81224788544838
0.222469570091371 8.81224788544838
0.227280479547545 8.81224788544838
0.232195425028898 8.81224788544838
0.234692612447466 8.81224788544838
0.239767845469466 8.81224788544838
0.246266502549033 8.81224788544838
0.247587219747826 8.81224788544838
0.252941298942673 8.81224788544838
0.258411160220512 8.84161890640451
0.259797008722565 8.84161890640451
0.262591042332327 8.84161890640451
0.263999307371492 8.81224788544838
0.265415124878567 8.78297443224325
0.275540746346936 8.78297443224325
0.278504098811761 8.78297443224325
0.289129066334796 8.78297443224325
0.295381488896289 8.78297443224325
0.303387495707712 8.78297443224325
0.311610496973677 8.78297443224325
0.321772823369579 8.78297443224325
0.330494139743376 8.78297443224325
0.339451838290458 8.78297443224325
0.348652325902793 8.78297443224325
0.356191940291017 8.78297443224325
0.363894599009939 8.78297443224325
0.375762028781271 8.78297443224325
0.383887891103892 8.78297443224325
0.398533263983026 8.78297443224325
0.404979665367796 8.78297443224325
0.413737359738653 8.78297443224325
0.420429692173078 8.78297443224325
0.427230275197783 8.81224788544838
0.448299179760375 8.81224788544838
0.455550560546802 8.81224788544838
0.465401851663156 8.81224788544838
0.483156992719172 8.81224788544838
0.490972209636822 8.81224788544838
0.501589494711318 8.81224788544838
0.509702863168891 8.84161890640451
0.517947467923121 8.87108782030274
0.537707231060543 8.87108782030274
0.552281224070422 8.87108782030274
0.555243085727004 8.90065495341802
0.552281224070422 8.93032063311274
0.537707231060543 8.9600851878404
0.531985893186825 8.9600851878404
0.520725199047237 8.9600851878404
0.506983929056108 8.9600851878404
0.485748143945167 8.9600851878404
0.467897782792561 8.9600851878404
0.455550560546802 8.9600851878404
0.44352916565649 8.9600851878404
0.4318249999557 8.9600851878404
0.415956216307185 8.9600851878404
0.409335091944382 8.9600851878404
0.40067058160676 8.98994894714924
0.392189475381975 8.98994894714924
0.383887891103892 8.98994894714924
0.375762028781271 8.98994894714924
0.367808168858352 8.98994894714924
0.361953457395482 8.98994894714924
0.354291887363838 8.98994894714924
0.344942578959251 9.01991224168585
0.339451838290458 9.01991224168585
0.330494139743376 9.01991224168585
0.31665089515556 8.98994894714924
0.305014550460724 8.98994894714924
0.300159377748091 8.98994894714924
0.287586750334122 8.98994894714924
0.284526756211631 8.98994894714924
0.27999770492314 8.98994894714924
0.271154732922784 8.98994894714924
0.261190289473554 8.98994894714924
0.252941298942673 8.98994894714924
0.248915019899035 8.98994894714924
0.242346471844249 8.98994894714924
0.237216656316814 8.98994894714924
0.232195425028898 8.98994894714924
0.227280479547545 8.98994894714924
0.222469570091371 9.01991224168585
0.218928335142194 9.01991224168585
0.210883116858729 9.01991224168585
0.207526313214506 9.01991224168585
0.205318181935993 8.98994894714924
0.203133545720191 8.98994894714924
0.198833761163608 8.9600851878404
0.197773112038273 8.93032063311274
0.196718120787942 8.90065495341802
0.200972154573825 8.87108782030274
0.203133545720191 8.87108782030274
0.205318181935993 8.87108782030274
0.210883116858729 8.87108782030274
