0.9904 0.1379
0.9828 0.139
0.9754 0.1402
0.968 0.1402
0.9606 0.1413
0.9534 0.1413
0.9461 0.1424
0.9388 0.1424
0.9318 0.1424
0.9247 0.1424
0.9177 0.1436
0.9106 0.1447
0.9038 0.1447
0.8969 0.1459
0.8901 0.1471
0.8833 0.1471
0.8766 0.1482
0.87 0.1482
0.8634 0.1495
0.8568 0.1495
0.8502 0.1507
0.8437 0.1507
0.8374 0.1519
0.831 0.1519
0.8247 0.1531
0.8185 0.1531
0.8122 0.1544
0.8061 0.1556
0.7999 0.1556
0.7939 0.1569
0.7877 0.1581
0.7818 0.1594
0.7759 0.1607
0.77 0.162
0.7642 0.1633
0.7583 0.1633
0.7526 0.1646
0.7469 0.1659
0.7412 0.1673
0.7356 0.1673
0.73 0.1686
0.7244 0.17
0.7189 0.17
0.7135 0.1714
0.708 0.1727
0.7027 0.1727
0.6973 0.1741
0.692 0.1755
0.6867 0.1755
0.6815 0.177
0.6764 0.1784
0.6712 0.1784
0.6661 0.1798
0.6611 0.1813
0.656 0.1813
0.651 0.1827
0.6461 0.1842
0.6412 0.1842
0.6362 0.1857
0.6315 0.1872
0.6267 0.1887
0.6219 0.1887
0.6172 0.1902
0.6125 0.1918
0.6078 0.1933
0.6032 0.1933
0.5986 0.1949
0.5941 0.1965
0.5896 0.1965
0.5851 0.198
0.5807 0.1996
0.5762 0.1996
0.5718 0.2013
0.5675 0.2029
0.5632 0.2045
0.5589 0.2062
0.5547 0.2062
0.5505 0.2078
0.5463 0.2095
0.5421 0.2112
0.538 0.2129
0.5339 0.2146
0.5299 0.2164
0.5258 0.2181
0.5218 0.2199
0.5179 0.2199
0.5139 0.2216
0.5139 0.2234
0.5139 0.2252
0.51 0.227
0.5061 0.2288
0.5023 0.2307
0.4985 0.2326
0.4947 0.2345
0.4909 0.2364
0.4909 0.2383
0.4872 0.2402
0.4835 0.2421
0.4798 0.2441
0.4762 0.246
0.4726 0.248
0.4726 0.25
0.4689 0.2521
0.4654 0.2541
0.4619 0.2561
0.4584 0.2582
0.4584 0.2603
0.4549 0.2624
0.4549 0.2645
0.4514 0.2666
0.448 0.2688
0.448 0.271
0.4445 0.2732
0.4445 0.2753
0.4412 0.2776
0.4412 0.2798
0.4378 0.2821
0.4378 0.2844
0.4378 0.2866
0.4378 0.289
0.4378 0.2913
0.4378 0.2936
0.4378 0.296
0.4378 0.2984
0.4378 0.3008
0.4378 0.3032
0.4344 0.3057
0.4344 0.3082
0.4344 0.3106
0.4344 0.3131
0.4344 0.3157
0.4344 0.3182
0.4344 0.3208
0.4344 0.3234
0.4344 0.326
0.4344 0.3286
0.4344 0.3313
0.4344 0.3338
0.4344 0.3366
0.4344 0.3394
0.4344 0.3421
0.4344 0.3449
0.4344 0.3476
0.4344 0.3504
0.4344 0.3533
0.4344 0.3561
0.4344 0.359
0.4344 0.3618
0.4344 0.3648
0.4344 0.3678
0.4378 0.3707
0.4378 0.3737
0.4378 0.3767
0.4378 0.3798
0.4412 0.3828
0.4412 0.3859
0.4412 0.389
0.4412 0.3921
0.4445 0.3953
0.4445 0.3985
0.4445 0.4017
0.4445 0.405
0.4445 0.4083
0.4445 0.4115
0.4445 0.4149
0.4445 0.4182
0.4445 0.4216
0.4445 0.425
0.4445 0.4284
0.4445 0.4319
0.4445 0.4354
0.4445 0.4389
0.4445 0.4424
0.4445 0.446
0.4411 0.4496
0.4411 0.4532
0.4411 0.4569
0.4378 0.4606
0.4344 0.4643
0.4311 0.468
0.4279 0.468
0.4245 0.4718
0.4214 0.4718
0.4182 0.4718
0.415 0.4756
0.4119 0.4795
0.4087 0.4833
0.4056 0.4872
0.4025 0.4912
0.3995 0.495
0.3963 0.495
0.3934 0.499
0.3904 0.503
0.3875 0.5072
0.3845 0.5112
0.3816 0.5112
0.3787 0.5154
0.3758 0.5196
0.373 0.5238
0.37 0.5238
0.3673 0.528
0.3645 0.5323
0.3618 0.5323
0.359 0.5366
0.3563 0.5409
0.3536 0.5409
0.3509 0.5453
0.3482 0.5453
0.3456 0.5497
0.343 0.5497
0.3404 0.5541
0.3378 0.5541
0.3352 0.5541
0.3327 0.5541
0.3301 0.5541
0.3276 0.5541
0.3251 0.5586
0.3227 0.5631
0.3202 0.5631
0.3178 0.5631
0.3154 0.5676
0.313 0.5722
0.3106 0.5722
0.3082 0.5768
0.3059 0.5768
0.3035 0.5815
0.3012 0.5862
0.299 0.5862
0.2967 0.5909
0.2944 0.5909
0.2922 0.5957
0.29 0.5957
0.2878 0.6005
0.2856 0.6005
0.2833 0.6054
0.2812 0.6101
0.2791 0.6152
0.277 0.62
0.2749 0.62
0.2728 0.62
0.2707 0.6251
0.2687 0.6251
0.2666 0.6251
0.2646 0.6252
0.2626 0.6252
0.2606 0.6252
0.2586 0.6301
0.2567 0.6301
0.2547 0.6301
0.2528 0.6353
0.2509 0.6404
0.2489 0.6404
0.2471 0.6456
0.2452 0.6456
0.2433 0.6508
0.2415 0.6508
0.2396 0.6561
0.2378 0.6561
0.236 0.6614
0.2342 0.6614
0.2324 0.6667
0.2307 0.6667
0.2288 0.6721
0.2272 0.6721
0.2254 0.6775
0.2237 0.6775
0.222 0.683
0.2203 0.6885
0.2187 0.694
0.217 0.694
0.2154 0.6996
0.2137 0.6996
0.2121 0.6996
0.2105 0.6996
0.2089 0.6996
0.2073 0.6997
0.2057 0.6997
0.2042 0.6997
0.2026 0.6997
0.2011 0.7053
0.1995 0.7053
0.198 0.7109
0.1965 0.7109
0.195 0.7167
0.1935 0.7167
0.1921 0.7225
0.1905 0.7225
0.1892 0.7284
0.1877 0.7284
0.1863 0.7342
0.1849 0.7342
0.1835 0.7402
0.1821 0.7402
0.1807 0.7461
0.1793 0.7461
0.178 0.7522
0.1766 0.7582
0.1753 0.7644
0.1739 0.7644
0.1726 0.7705
0.1713 0.7705
0.17 0.7705
0.1687 0.7705
0.1674 0.7705
0.1662 0.7705
0.1649 0.7705
0.1636 0.7705
0.1623 0.7705
0.1612 0.7705
0.1599 0.7768
0.1587 0.7768
0.1575 0.7768
0.1562 0.783
0.1551 0.783
0.154 0.783
0.1528 0.783
0.1516 0.7894
0.1505 0.7957
0.1493 0.7957
0.1482 0.7957
0.1471 0.7957
0.146 0.8022
0.1448 0.8022
0.1437 0.8086
0.1427 0.8086
0.1416 0.8152
0.1405 0.8152
0.1394 0.8218
0.1384 0.8218
0.1373 0.8218
0.1363 0.8284
0.1352 0.8284
0.1342 0.8284
0.1332 0.8351
0.1322 0.8351
0.1312 0.8351
0.1302 0.8418
0.1292 0.8418
0.1282 0.8418
0.1272 0.8486
0.1263 0.8486
0.1253 0.8555
0.1244 0.8555
0.1234 0.8555
0.1225 0.8555
0.1215 0.8624
0.1206 0.8624
0.1197 0.8624
0.1188 0.8624
0.1179 0.8624
0.117 0.8694
0.1161 0.8694
0.1152 0.8694
0.1143 0.8694
0.1135 0.8763
0.1126 0.8763
0.1118 0.8763
0.1109 0.8763
0.1101 0.8835
0.1092 0.8835
0.1084 0.8835
0.1076 0.8906
0.1068 0.8906
0.1059 0.8978
0.1051 0.8978
0.1043 0.905
0.1036 0.905
0.1028 0.9123
0.102 0.9123
0.1012 0.9197
0.1004 0.9197
0.0997 0.9271
0.0989 0.9271
0.0982 0.9346
0.0974 0.9422
0.0967 0.9498
0.0959 0.9498
0.0952 0.9574
0.0945 0.9574
0.0937 0.9651
0.0931 0.9651
0.0924 0.9651
0.0917 0.9729
0.091 0.9729
0.0903 0.9729
0.0896 0.9729
0.0889 0.9729
0.0882 0.9808
0.0876 0.9808
0.0869 0.9808
0.0862 0.9887
0.0856 0.9887
0.0849 0.9887
0.0849 0.9967
0.0843 1.0048
0.0836 1.0048
0.083 1.0129
0.0824 1.0211
0.0817 1.0293
0.0811 1.0376
0.0805 1.046
0.0805 1.0544
0.0805 1.0629
0.0805 1.0715
0.0805 1.0801
0.0799 1.0889
0.0793 1.0977
0.0793 1.1065
0.0793 1.1154
0.0787 1.1244
0.0787 1.1335
0.0787 1.1427
0.0787 1.1519
0.0787 1.1612
0.0787 1.1706
0.0787 1.18
0.0787 1.1895
0.0793 1.1991
0.0793 1.2088
0.0799 1.2185
0.0805 1.2284
0.0811 1.2383
0.0811 1.2483
0.0817 1.2583
0.0824 1.2685
0.083 1.2685
0.0836 1.2787
0.0843 1.2787
0.0849 1.2787
0.0856 1.2787
0.0862 1.2787
0.0869 1.2787
0.0875 1.2787
0.0882 1.2787
0.0889 1.2787
0.0896 1.2787
0.0903 1.2787
0.091 1.2787
0.0916 1.2787
0.0923 1.2787
0.0931 1.2787
0.0937 1.289
0.0945 1.289
0.0952 1.289
0.0959 1.289
0.0967 1.2993
0.0974 1.2993
0.0982 1.2993
0.0989 1.3099
0.0997 1.3099
0.1004 1.3204
0.1012 1.3204
0.102 1.3204
0.1028 1.3204
0.1035 1.3311
0.1043 1.3311
0.1051 1.3311
0.1059 1.3418
0.1067 1.3418
0.1076 1.3526
0.1084 1.3526
0.1092 1.3526
0.1101 1.3635
0.1109 1.3635
0.1117 1.3745
0.1126 1.3745
0.1135 1.3856
0.1143 1.3856
0.1152 1.3968
0.1161 1.3968
0.117 1.3968
0.1179 1.4081
0.1188 1.4081
0.1197 1.408
0.1206 1.408
0.1215 1.408
0.1225 1.408
0.1234 1.408
0.1243 1.408
0.1253 1.408
0.1262 1.4194
0.1272 1.4194
0.1282 1.4194
0.1292 1.4194
0.1302 1.4194
0.1312 1.4194
0.1322 1.4194
0.1332 1.4194
0.1342 1.4308
0.1352 1.4308
0.1363 1.4308
0.1373 1.4308
0.1383 1.4308
0.1394 1.4308
0.1405 1.4308
0.1415 1.4423
0.1426 1.4423
0.1437 1.4423
0.1448 1.4423
0.1459 1.4423
0.147 1.4423
0.1482 1.454
0.1493 1.454
0.1505 1.454
0.1516 1.4539
0.1528 1.4539
0.1539 1.4657
0.1551 1.4657
0.1562 1.4657
0.1575 1.4657
0.1587 1.4775
0.1599 1.4775
0.1611 1.4775
0.1623 1.4894
0.1636 1.4894
0.1649 1.5013
0.1661 1.5013
0.1674 1.5135
0.1687 1.5135
0.17 1.5257
0.1713 1.5257
0.1726 1.538
0.1739 1.538
0.1752 1.5504
0.1766 1.5504
0.1779 1.5629
0.1793 1.5629
0.1807 1.5755
0.182 1.5883
0.1834 1.5883
0.1834 1.6011
0.1848 1.6139
0.1848 1.627
0.1863 1.6401
0.1863 1.6534
0.1863 1.6667
0.1863 1.6802
0.1863 1.6937
0.1863 1.7074
0.1863 1.7212
0.1863 1.7351
0.1863 1.749
0.1877 1.7631
0.1877 1.7774
0.1877 1.7917
0.1877 1.8062
0.1877 1.8208
0.1877 1.8355
0.1863 1.8502
0.1848 1.8502
0.1834 1.8652
0.182 1.8652
0.1807 1.8652
0.1793 1.8803
0.1779 1.8803
0.1766 1.8803
0.1752 1.8803
0.1739 1.8803
0.1726 1.8803
0.1713 1.8803
0.17 1.8803
0.1687 1.8803
0.1674 1.8803
0.1661 1.8955
0.1649 1.8955
0.1636 1.8955
0.1623 1.8955
0.1611 1.9108
0.1599 1.9108
0.1587 1.9108
0.1575 1.9262
0.1562 1.9262
0.1551 1.9262
0.1539 1.9262
0.1528 1.9263
0.1516 1.9263
0.1504 1.9263
0.1493 1.9263
0.1482 1.9418
0.147 1.9418
0.1459 1.9418
0.1448 1.9418
0.1437 1.9418
0.1426 1.9418
0.1415 1.9418
0.1405 1.9418
0.1394 1.9418
0.1383 1.9575
0.1373 1.9575
0.1362 1.9575
0.1352 1.9575
0.1342 1.9575
0.1332 1.9575
0.132 1.9575
0.1311 1.9576
0.1301 1.9576
0.1292 1.9576
0.1282 1.9576
0.1272 1.9576
0.1262 1.9576
0.1253 1.9576
0.1243 1.9576
0.1234 1.9734
0.1224 1.9734
0.1215 1.9734
0.1206 1.9734
0.1197 1.9734
0.1188 1.9734
0.1179 1.9734
0.117 1.9734
0.1161 1.9734
0.1152 1.9734
0.1143 1.9734
0.1135 1.9734
0.1126 1.9734
0.1117 1.9734
0.1109 1.9734
0.11 1.9734
0.1092 1.9735
0.1084 1.9735
0.1084 1.9893
0.1076 2.0054
0.1067 2.0054
0.1059 2.0054
0.1051 2.0055
0.1043 2.0055
0.1035 2.0216
0.1027 2.0216
0.102 2.0217
0.1012 2.038
0.1004 2.038
0.0997 2.0544
0.0989 2.0544
0.0981 2.0544
0.0974 2.071
0.0967 2.071
0.0959 2.071
0.0952 2.071
0.0945 2.0877
0.0937 2.0878
0.093 2.0878
0.0923 2.1046
0.0916 2.1046
0.0909 2.1046
0.0902 2.1046
0.0896 2.1216
0.0889 2.1216
0.0882 2.1216
0.0875 2.1216
0.0869 2.1216
0.0862 2.1388
0.0856 2.1388
0.0849 2.1388
0.0843 2.1388
0.0836 2.1388
0.083 2.1388
0.0824 2.1388
0.0817 2.156
0.0811 2.1561
0.0805 2.1561
0.0799 2.1561
0.0793 2.1561
0.0787 2.1561
0.0781 2.1561
0.0775 2.1735
0.0769 2.1735
0.0763 2.1735
0.0757 2.1735
0.0752 2.1735
0.0746 2.1735
0.074 2.1735
0.0735 2.1735
0.0729 2.1735
0.0723 2.1735
0.0718 2.1735
0.0712 2.1911
0.0707 2.1911
0.0702 2.1911
0.0695 2.1911
0.0691 2.2088
0.0686 2.2088
0.0681 2.2088
0.0675 2.2266
0.067 2.2266
0.0665 2.2266
0.066 2.2266
0.066 2.2446
0.0655 2.2446
0.065 2.2446
0.0645 2.2627
0.064 2.2627
0.0635 2.2627
0.0631 2.2627
0.0626 2.2446
0.0621 2.2446
0.0616 2.2267
0.0621 2.2446
0.0621 2.2627
0.0626 2.2627
0.0631 2.281
0.0631 2.2993
0.0635 2.3179
0.064 2.3366
0.0645 2.3366
0.065 2.3366
0.0655 2.3366
0.066 2.3366
0.0665 2.3366
0.067 2.3366
0.0675 2.3366
0.0681 2.3366
0.0686 2.3366
0.0691 2.3366
0.0695 2.3366
0.0702 2.3366
0.0707 2.3366
0.0712 2.3366
0.0718 2.3366
0.0723 2.3554
0.0729 2.3554
0.0734 2.3554
0.074 2.3744
0.0746 2.3744
0.0751 2.3936
0.0757 2.3936
0.0763 2.3935
0.0769 2.4129
0.0775 2.4129
0.0781 2.4128
0.0787 2.4323
0.0793 2.4323
0.0799 2.4519
0.0805 2.4519
0.0811 2.4519
0.0817 2.4717
0.0824 2.4717
0.083 2.4717
0.0836 2.4916
0.0843 2.4916
0.0849 2.4916
0.0856 2.5117
0.0862 2.5117
0.0869 2.5117
0.0875 2.5117
0.0882 2.532
0.0889 2.532
0.0896 2.5319
0.0902 2.5524
0.0909 2.5524
0.0916 2.5524
0.0923 2.5524
0.093 2.5729
0.0937 2.5729
0.0945 2.5729
0.0952 2.5937
0.0959 2.5937
0.0967 2.5937
0.0974 2.5937
0.0981 2.6146
0.0989 2.6146
0.0996 2.6357
0.1004 2.6357
0.1004 2.6569
0.1012 2.6569
0.102 2.6784
0.1027 2.6784
0.1035 2.7
0.1043 2.7218
0.1051 2.7437
0.1059 2.7437
0.1067 2.7658
0.1075 2.7658
0.1084 2.7881
0.1092 2.8106
0.11 2.8333
0.1109 2.8333
0.1117 2.8561
0.1109 2.8792
0.11 2.8792
0.11 2.9024
0.1092 2.9259
0.1084 2.9259
0.1075 2.9495
0.1067 2.9733
0.1059 2.9973
0.1051 2.9973
0.1043 2.9973
0.1035 2.9973
0.1027 2.9973
0.1019 2.9973
0.1012 2.9973
0.1004 2.9973
0.0996 3.0216
0.0989 3.0216
0.0981 3.046
0.0974 3.046
0.0966 3.046
0.0959 3.046
0.0952 3.0706
0.0945 3.0706
0.0937 3.0706
0.093 3.0954
0.0923 3.0954
0.0916 3.0954
0.0909 3.0954
0.0902 3.1204
0.0896 3.1204
0.0889 3.1204
0.0882 3.1204
0.0882 3.1456
0.0882 3.1709
0.0882 3.1965
0.0882 3.2223
0.0889 3.2223
0.0895 3.2223
0.0902 3.2223
0.0909 3.2223
0.0916 3.2223
0.0923 3.2223
0.093 3.2223
0.0937 3.2223
0.0945 3.2223
0.0952 3.2223
0.0959 3.2222
0.0966 3.2222
0.0974 3.2222
0.0981 3.2222
0.0989 3.2222
0.0996 3.2222
0.1004 3.2222
0.1012 3.2222
0.1019 3.2222
0.1027 3.2222
0.1035 3.2222
0.1043 3.2222
0.1051 3.2222
0.1059 3.2222
0.1067 3.2221
0.1075 3.2221
0.1084 3.2221
0.1092 3.2221
0.11 3.2221
0.1109 3.2221
0.1117 3.2221
0.1126 3.2221
0.1134 3.2221
0.1143 3.2221
0.1152 3.2221
0.1161 3.2221
0.1169 3.2481
0.1178 3.2481
0.1187 3.248
0.1197 3.248
0.1206 3.248
0.1215 3.248
0.1224 3.2742
0.1234 3.2742
0.1243 3.2742
0.1253 3.2742
0.1262 3.3006
0.1272 3.3006
0.1282 3.3006
0.1291 3.3006
0.1301 3.3006
0.1311 3.3272
0.132 3.3272
0.1331 3.3272
0.1342 3.3272
0.1352 3.354
0.1362 3.354
0.1373 3.354
0.1383 3.3811
0.1394 3.3811
0.1404 3.3811
0.1415 3.4083
0.1426 3.4083
0.1437 3.4083
0.1448 3.4358
0.1459 3.4358
0.147 3.4635
0.1481 3.4635
0.1493 3.4915
0.1504 3.4915
0.1516 3.5196
0.1527 3.5196
0.1516 3.548
0.1516 3.5767
0.1527 3.6055
0.1516 3.6346
0.1504 3.6639
0.1493 3.664
0.1481 3.6935
0.147 3.6935
0.1459 3.6935
0.1448 3.6936
0.1437 3.6936
0.1426 3.7234
0.1415 3.7234
0.1404 3.7234
0.1394 3.7234
0.1383 3.7234
0.1373 3.7234
0.1362 3.7234
0.1352 3.7534
0.1341 3.7534
0.1331 3.7534
0.132 3.7838
0.1311 3.8143
0.1301 3.8143
0.1291 3.8143
0.128 3.8451
0.1272 3.8451
0.1262 3.8452
0.1252 3.8761
0.1243 3.8761
0.1234 3.8761
0.1224 3.8761
0.1215 3.9075
0.1206 3.9075
0.1196 3.9075
0.1187 3.9075
0.1178 3.9075
0.1169 3.9391
0.1161 3.9391
0.1152 3.9391
0.1143 3.9391
0.1134 3.9391
0.1126 3.9708
0.1117 3.9708
0.1109 3.9708
0.11 4.003
0.1092 4.003
0.1084 4.0352
0.1075 4.0352
0.1067 4.0679
0.1059 4.0679
0.1051 4.1007
0.1043 4.1007
0.1035 4.1007
0.1027 4.1338
0.1019 4.1338
0.1012 4.1672
0.1004 4.1672
0.0996 4.1672
0.0989 4.2009
0.0981 4.2009
0.0974 4.2009
0.0966 4.2348
0.0959 4.2348
0.0952 4.2348
0.0945 4.2348
0.0937 4.269
0.093 4.269
0.0923 4.269
0.0916 4.269
0.0909 4.3035
0.0902 4.3035
0.0895 4.3035
0.0889 4.3035
0.0882 4.3383
0.0875 4.3383
0.0869 4.3383
0.0862 4.3383
0.0855 4.3383
0.0849 4.3383
0.0842 4.3733
0.0836 4.3733
0.083 4.3733
0.0823 4.3734
0.0817 4.3734
0.0811 4.4087
0.0805 4.4087
0.0799 4.4087
0.0793 4.4087
0.0787 4.4087
0.0781 4.4087
0.0775 4.4443
0.0769 4.4443
0.0769 4.4802
0.0769 4.5163
0.0769 4.5528
0.0775 4.5528
0.0775 4.5163
0.0781 4.5527
0.0787 4.5527
0.0793 4.5527
0.0799 4.5527
0.0805 4.5527
0.0811 4.5527
0.0817 4.5527
0.0823 4.5527
0.083 4.5527
0.0836 4.5527
0.0842 4.5526
0.0849 4.5526
0.0855 4.5526
0.0862 4.5526
0.0868 4.5526
0.0875 4.5526
0.0882 4.5526
0.0889 4.5526
0.0895 4.5526
0.0902 4.5526
0.0909 4.5525
0.0916 4.5525
0.0923 4.5525
0.093 4.5525
0.0937 4.5525
0.0945 4.5525
0.0952 4.5525
0.0959 4.5525
0.0966 4.5525
0.0974 4.5525
0.0981 4.5524
0.0989 4.5524
0.0996 4.5524
0.1004 4.5524
0.1012 4.5524
0.1019 4.5524
0.1027 4.5524
0.1035 4.5524
0.1043 4.5524
0.1051 4.5524
0.1059 4.5523
0.1067 4.5523
0.1075 4.5523
0.1083 4.5523
0.1092 4.5523
0.11 4.5523
0.1109 4.5523
0.1117 4.5523
0.1126 4.5523
0.1134 4.5523
0.1143 4.5522
0.1152 4.5522
0.116 4.5522
0.1169 4.5522
0.1178 4.5522
0.1187 4.5522
0.1196 4.5522
0.1206 4.5522
0.1215 4.5522
0.1224 4.5521
0.1233 4.5521
0.1243 4.5521
0.1252 4.5521
0.1262 4.5521
0.1272 4.5521
0.128 4.5521
0.1291 4.5521
0.1301 4.5521
0.1311 4.5521
0.132 4.552
0.1331 4.552
0.1341 4.552
0.1352 4.552
0.1362 4.552
0.1372 4.552
0.1383 4.552
0.1394 4.552
0.1404 4.552
0.1415 4.552
0.1426 4.5518
0.1437 4.5518
0.1448 4.5518
0.1459 4.5518
0.147 4.5518
0.1481 4.5518
0.1493 4.5518
0.1504 4.5518
0.1516 4.5518
0.1527 4.5518
0.1539 4.5518
0.1551 4.5518
0.1562 4.5518
0.1574 4.5518
0.1586 4.5518
0.1599 4.5518
0.1611 4.5518
0.1623 4.5518
0.1636 4.5518
0.1648 4.5885
0.1661 4.5885
0.1673 4.5885
0.1686 4.5885
0.1699 4.5884
0.1712 4.5884
0.1724 4.5884
0.1739 4.5884
0.1752 4.5884
0.1764 4.6254
0.1779 4.6254
0.1792 4.6254
0.1806 4.6254
0.182 4.6254
0.1834 4.6627
0.1848 4.6627
0.1862 4.6627
0.1876 4.6627
0.1891 4.7003
0.1905 4.7003
0.192 4.7003
0.1934 4.7002
0.1949 4.7382
0.1964 4.7382
0.1979 4.7381
0.1994 4.7381
0.201 4.7764
0.2025 4.7763
0.204 4.8149
0.2056 4.8149
0.2072 4.8537
0.2088 4.8537
0.2104 4.8929
0.212 4.8928
0.2136 4.9323
0.2152 4.9323
0.2169 4.9721
0.2185 4.9721
0.2169 5.0122
0.2169 5.0527
0.2169 5.0934
0.2169 5.1345
0.2152 5.1345
0.2136 5.1346
0.212 5.176
0.2104 5.176
0.2088 5.176
0.2072 5.176
0.2056 5.176
0.204 5.1761
0.2025 5.1761
0.201 5.1761
0.1994 5.1761
0.1979 5.1761
0.1964 5.1761
0.1949 5.1761
0.1934 5.1761
0.192 5.1761
0.1905 5.1762
0.1891 5.2179
0.1876 5.2179
0.1862 5.218
0.1848 5.218
0.1834 5.218
0.182 5.218
0.1806 5.2601
0.1792 5.2601
0.1779 5.2601
0.1764 5.2601
0.1752 5.2602
0.1738 5.2602
0.1724 5.2602
0.1712 5.3026
0.1699 5.3027
0.1686 5.3027
0.1673 5.3027
0.1661 5.3027
0.1648 5.3027
0.1636 5.3027
0.1623 5.3027
0.1611 5.3027
0.1599 5.3027
0.1586 5.3028
0.1574 5.3028
0.1562 5.3028
0.1551 5.3456
0.1539 5.3456
0.1527 5.3456
0.1515 5.3456
0.1504 5.3456
0.1492 5.3456
0.1481 5.3457
0.147 5.3457
0.1459 5.3457
0.1448 5.3457
0.1437 5.3457
0.1426 5.3889
0.1415 5.3889
0.1404 5.3889
0.1393 5.3889
0.1383 5.4324
0.1372 5.4324
0.1362 5.4324
0.1352 5.4763
0.1341 5.4763
0.1331 5.4763
0.132 5.5205
0.1311 5.5205
0.1301 5.5205
0.1291 5.5651
0.128 5.5651
0.1272 5.5651
0.1262 5.6099
0.1252 5.6099
0.1243 5.6099
0.1233 5.6099
0.1224 5.6553
0.1215 5.6553
0.1205 5.6554
0.1196 5.6554
0.1187 5.701
0.1187 5.7469
0.1187 5.7934
0.1187 5.8401
0.1196 5.8401
0.1196 5.7934
0.1205 5.8401
0.1215 5.8401
0.1224 5.8401
0.1233 5.8401
0.1243 5.8401
0.1252 5.8401
0.1262 5.8399
0.1272 5.8399
0.128 5.8399
0.1291 5.8399
0.1301 5.8399
0.1311 5.8399
0.132 5.8399
0.1331 5.8399
0.1341 5.8399
0.1352 5.8399
0.1362 5.8399
0.1372 5.8399
0.1383 5.8399
0.1393 5.8399
0.1404 5.8399
0.1415 5.8397
0.1426 5.8397
0.1437 5.8397
0.1448 5.8397
0.1459 5.8397
0.147 5.8397
0.1481 5.8397
0.1492 5.8397
0.1504 5.8397
0.1515 5.8397
0.1527 5.8397
0.1539 5.8397
0.155 5.8868
0.1562 5.8868
0.1574 5.8868
0.1586 5.8868
0.1598 5.8868
0.1611 5.8867
0.1623 5.9342
0.1635 5.9342
0.1648 5.9342
0.1661 5.9342
0.1673 5.9342
0.1686 5.9821
0.1699 5.982
0.1712 6.0303
0.1724 6.0303
0.1738 6.0789
0.1752 6.128
0.1764 6.128
0.1779 6.1774
0.1792 6.1774
0.1806 6.1774
0.182 6.2272
0.1834 6.2272
0.1848 6.2774
0.1862 6.2774
0.1862 6.3281
0.1876 6.3281
0.189 6.3791
0.1905 6.3791
0.189 6.4306
0.1876 6.4306
0.1876 6.4825
0.1862 6.5348
0.1848 6.5348
0.1834 6.5876
0.1834 6.6407
0.182 6.6407
0.1806 6.6943
0.1792 6.6944
0.1779 6.6944
0.1764 6.7484
0.1752 6.7484
0.1738 6.7484
0.1724 6.7484
0.1712 6.7485
0.1699 6.8029
0.1699 6.8578
0.1699 6.9132
0.1686 6.9689
0.1699 6.9689
0.1712 7.0252
0.1724 7.0818
0.1738 7.139
0.1752 7.1966
0.1764 7.1966
0.1778 7.1965
0.1792 7.1965
0.1806 7.1965
0.182 7.1965
0.1834 7.1965
0.1848 7.1965
0.1862 7.1964
0.1876 7.1964
0.189 7.1964
0.1905 7.1964
0.1919 7.1964
0.1934 7.1964
0.1949 7.1963
0.1964 7.1963
0.1979 7.1963
0.1994 7.1963
0.2009 7.1963
0.2025 7.1963
0.204 7.1962
0.2056 7.1962
0.2072 7.1962
0.2086 7.1962
0.2103 7.2543
0.2119 7.2542
0.2136 7.2542
0.2152 7.2542
0.2169 7.2542
0.2185 7.2542
0.2202 7.3127
0.2219 7.3127
0.2236 7.3127
0.2253 7.3126
0.227 7.3126
0.2287 7.3126
0.2305 7.3126
0.2323 7.3126
0.234 7.3126
0.2358 7.3125
0.2376 7.3715
0.2395 7.3715
0.2413 7.3715
0.2431 7.3715
0.245 7.3715
0.2469 7.3715
0.2488 7.3714
0.2507 7.4309
0.2526 7.4309
0.2545 7.4908
0.2565 7.4908
0.2584 7.5512
0.2604 7.5512
0.2624 7.612
0.2644 7.612
0.2664 7.6735
0.2685 7.6735
0.2705 7.6735
0.2726 7.7354
0.2747 7.7354
0.2768 7.7978
0.2789 7.7978
0.281 7.7978
0.2832 7.8607
0.281 7.8607
0.2789 7.9241
0.2768 7.9241
0.2747 7.9242
0.2726 7.9242
0.2705 7.9881
0.2685 7.9882
0.2664 7.9882
0.2644 7.9882
0.2624 8.0527
0.2604 8.0527
0.2584 8.0527
0.2565 8.0527
0.2565 8.1177
0.2545 8.1177
0.2526 8.1177
0.2507 8.1833
0.2488 8.1833
0.2469 8.1833
0.245 8.1833
0.2431 8.1833
0.2413 8.1834
0.2394 8.1834
0.2376 8.1834
0.2358 8.1834
0.234 8.1834
0.2323 8.1835
0.2305 8.1835
0.2287 8.1835
0.227 8.1835
0.2253 8.1835
0.2236 8.1835
0.2219 8.1836
0.2202 8.1836
0.2185 8.1836
0.2168 8.2497
0.2152 8.2497
0.2136 8.2497
0.2119 8.2497
0.2103 8.3163
0.2086 8.3163
0.2071 8.3163
0.2056 8.3164
0.204 8.3164
0.2025 8.3835
0.2009 8.3835
0.2025 8.4511
0.2025 8.5192
0.2009 8.588
0.2025 8.6574
0.204 8.6574
0.2056 8.6573
0.2071 8.7271
0.2086 8.7271
0.2103 8.7271
0.2119 8.7271
0.2136 8.7271
0.2152 8.7271
0.2168 8.7271
0.2185 8.7271
0.2202 8.7269
0.2219 8.7269
0.2236 8.7269
0.2253 8.7269
0.227 8.7269
0.2287 8.7269
0.2305 8.7269
0.2322 8.7269
0.234 8.7269
0.2358 8.7269
0.2376 8.7268
0.2394 8.7268
0.2413 8.7268
0.2431 8.7268
0.245 8.7268
0.2469 8.7267
0.2487 8.7267
0.2507 8.7267
0.2526 8.7267
0.2545 8.7267
0.2565 8.7266
0.2584 8.7266
0.2604 8.7266
0.2624 8.797
0.2644 8.797
0.2664 8.797
0.2685 8.7969
0.2705 8.7969
0.2726 8.7969
0.2747 8.7969
0.2768 8.7969
0.2789 8.7969
0.281 8.8678
0.2832 8.8678
0.2854 8.8678
0.2875 8.8678
0.2897 8.8677
0.292 8.8677
0.2942 8.9393
0.2964 8.9392
0.2987 8.9392
0.301 8.9392
0.3033 8.9392
0.3056 9.0113
0.308 9.0113
0.3103 9.0112
0.3127 9.0112
0.3151 9.0112
0.3175 9.0112
0.3199 9.0112
0.3224 9.0111
0.3249 9.0111
0.3273 9.0111
0.3298 9.0111
0.3324 9.0111
0.3349 9.011
0.3375 9.011
0.3401 9.011
0.3427 9.011
0.3453 9.011
0.3479 9.0109
0.3506 9.0109
0.3533 9.0109
0.3559 9.0109
0.3587 9.0109
0.3615 9.0108
0.3642 9.0108
0.367 9.0108
0.3698 9.0108
0.3698 9.0835
0.3698 9.1568
0.3698 9.2307
0.3726 9.3052
0.3726 9.3801
0.3726 9.4559
0.3726 9.5322
0.3698 9.6092
0.367 9.6092
0.3642 9.6867
0.3614 9.7649
0.3587 9.765
0.3559 9.765
0.3533 9.8437
0.3506 9.8437
0.3479 9.8439
0.3453 9.9233
0.3479 9.9233
0.3506 10.0033
0.3533 10.0033
0.3559 10.0033
0.3587 10.084
0.3614 10.084
0.3642 10.1653
0.3642 10.2473
0.367 10.2473
0.367 10.33
0.3698 10.4134
0.3698 10.4974
0.3726 10.5821
0.3755 10.6674
0.3755 10.7534
0.3755 10.8403
0.3726 10.9278
0.3726 11.016
0.3726 11.1049
0.3726 11.1945
0.3726 11.2848
0.3726 11.3759
0.3755 11.3758
0.3784 11.3758
0.3812 11.3758
0.3841 11.3758
0.3871 11.3757
0.3901 11.3757
0.3931 11.3757
0.3961 11.3757
0.3991 11.3756
0.4022 11.3756
0.4052 11.3756
0.4083 11.3756
0.4115 11.3755
0.4146 11.3755
0.4178 11.3755
0.421 11.3755
0.4242 11.3754
0.4275 11.3754
0.4307 11.3754
0.434 11.3754
0.4373 11.3753
0.4407 11.3753
0.4441 11.3753
0.4475 11.3753
0.4509 11.3752
0.4543 11.3752
0.4578 11.3752
0.4613 11.3752
0.4649 11.3751
0.4684 11.3751
0.472 11.3751
0.4756 11.3751
0.4793 11.375
0.4828 11.375
0.4866 11.375
0.4904 11.3749
0.4941 11.3749
0.4979 11.3749
0.5017 11.4667
0.5055 11.4666
0.5093 11.4666
0.5133 11.4666
0.5171 11.4666
0.5211 11.4665
0.5252 11.4665
0.5292 11.559
0.5333 11.559
0.5373 11.559
0.5415 11.5589
0.5455 11.6522
0.5497 11.6522
0.554 11.6521
0.5582 11.7461
0.5625 11.7461
0.5668 11.8409
0.5711 11.8408
0.5755 11.8408
0.5798 11.8408
0.5844 11.9363
0.5888 11.9363
0.5844 11.9363
0.5798 12.0326
0.5755 12.0327
0.5711 12.1298
0.5668 12.1298
0.5625 12.2277
0.5582 12.2278
0.554 12.3265
0.5497 12.3265
0.5455 12.426
0.5413 12.426
0.5373 12.426
0.5333 12.4261
0.5292 12.4261
0.5252 12.4261
0.5211 12.4261
0.5171 12.4262
0.5133 12.4262
0.5093 12.4262
0.5055 12.4263
0.5017 12.4263
0.4979 12.4263
0.4941 12.4263
0.4903 12.5266
0.4866 12.5267
0.4828 12.5267
0.4792 12.5267
0.4756 12.5268
0.472 12.5268
0.4684 12.5268
0.4647 12.5268
0.4613 12.5269
0.4613 12.6279
0.4613 12.7298
0.4613 12.8326
0.4647 12.9361
0.4684 12.9361
0.472 12.936
0.4756 12.936
0.4792 12.936
0.4828 12.9359
0.4866 12.9359
0.4903 12.9359
0.4941 12.9359
0.4979 12.9358
0.5017 12.9358
0.5055 12.9358
0.5093 12.9357
0.5133 12.9357
0.5171 12.9357
0.5211 12.9357
0.5252 12.9356
0.5292 12.9356
0.5332 12.9356
0.5373 12.9355
0.5413 12.9355
0.5455 13.0399
0.5497 13.0398
0.554 13.0398
0.5582 13.0398
0.5625 13.0398
0.5668 13.0397
0.5711 13.0397
0.5755 13.0397
0.5798 13.0396
0.5843 13.0396
0.5888 13.0396
0.5933 13.0396
0.5979 13.0395
0.6024 13.0395
0.6071 13.1447
0.6117 13.1447
0.6164 13.1446
0.6211 13.1446
0.6259 13.1446
0.6307 13.1445
0.6355 13.1445
0.6402 13.1445
0.6453 13.1445
0.6502 13.1444
0.6552 13.2505
0.6602 13.2504
0.6652 13.2504
0.6703 13.2504
0.6755 13.2503
0.6806 13.2503
0.6858 13.2503
0.6911 13.2503
0.6964 13.3571
0.7017 13.3571
0.7071 13.3571
0.7125 13.3571
0.718 13.357
0.7235 13.357
0.729 13.4647
0.7346 13.4647
0.7402 13.4647
0.7402 13.5733
0.7459 13.6827
0.7516 13.6827
0.7516 13.7932
0.7516 13.9045
0.7572 14.0167
0.7572 14.1298
0.7572 14.2438
0.7572 14.3588
0.7572 14.4746
0.7572 14.5914
0.7572 14.7092
0.7572 14.8279
0.7631 14.8277
0.7689 14.9474
0.7748 14.9474
0.7808 14.9474
0.7867 14.9473
0.7928 14.9473
0.7988 14.9473
0.8049 14.9472
0.8111 14.9472
0.8173 14.9472
0.8235 14.9471
0.8298 14.9471
0.8362 14.9471
0.8426 14.9471
0.8491 14.947
0.8556 14.947
0.862 14.947
0.8687 14.9468
0.8754 14.9468
0.882 14.9468
0.8888 14.9468
0.8956 15.0674
