0.014853 0.101181
0.014992 0.101181
0.015132 0.101181
0.015273 0.101182
0.015416 0.101182
0.01556 0.101716
0.015705 0.101716
0.015852 0.101717
0.016 0.101717
0.016149 0.102254
0.0163 0.102254
0.016452 0.102255
0.016606 0.102255
0.016761 0.102255
0.016917 0.102795
0.017075 0.102795
0.017235 0.102796
0.017396 0.102796
0.017558 0.103338
0.017722 0.103339
0.017888 0.103339
0.018055 0.103339
0.018224 0.103885
0.018394 0.103885
0.018566 0.103886
0.018739 0.103886
0.018914 0.104434
0.019091 0.104435
0.019269 0.104435
0.019449 0.104986
0.01963 0.104986
0.019814 0.104987
0.019999 0.104987
0.020186 0.104987
0.020374 0.104988
0.020565 0.104988
0.020757 0.104988
0.020951 0.104989
0.021146 0.105543
0.021344 0.105543
0.021543 0.105544
0.021744 0.105544
0.021947 0.105544
0.022152 0.106101
0.022359 0.106102
0.022568 0.106102
0.022779 0.106662
0.022992 0.106662
0.023206 0.107225
0.023423 0.107226
0.023642 0.107226
0.023862 0.107791
0.024085 0.107791
0.02431 0.107793
0.024537 0.108362
0.024767 0.108362
0.024998 0.108362
0.025231 0.108363
0.025467 0.108363
0.025705 0.108363
0.025945 0.108935
0.026187 0.108936
0.026432 0.108936
0.026679 0.108936
0.026928 0.108937
0.02718 0.108937
0.027433 0.109512
0.02769 0.109512
0.027948 0.109513
0.028209 0.109513
0.028473 0.110091
0.028739 0.110091
0.029007 0.110092
0.029278 0.110092
0.029551 0.110092
0.029827 0.110674
0.030106 0.111258
0.030387 0.111845
0.03067 0.112435
0.030957 0.112436
0.031246 0.113029
0.031538 0.113029
0.031832 0.11303
0.03213 0.11303
0.03243 0.113031
0.032733 0.113627
0.032732 0.114227
0.033038 0.114829
0.033038 0.115435
0.033038 0.116044
0.032732 0.116656
0.032429 0.117271
0.032128 0.117889
0.031831 0.117889
0.031536 0.117888
0.031245 0.117888
0.030955 0.11851
0.030669 0.118509
0.030385 0.118509
0.030104 0.118508
0.029825 0.118508
0.029549 0.118508
0.029276 0.118507
0.029005 0.118507
0.028736 0.118507
0.02847 0.118506
0.028207 0.118506
0.027946 0.119131
0.027687 0.11913
0.027431 0.11913
0.027177 0.11913
0.026925 0.119129
0.026676 0.119129
0.026429 0.119128
0.026185 0.119756
0.025942 0.119756
0.025702 0.119756
0.025464 0.119755
0.025229 0.119755
0.024995 0.119755
0.024764 0.119754
0.024535 0.119754
0.024308 0.119753
0.024082 0.120385
0.02386 0.120384
0.023639 0.120384
0.02342 0.120384
0.023203 0.120383
0.022989 0.120383
0.022776 0.120383
0.022565 0.120382
0.022356 0.120382
0.022149 0.120381
0.021944 0.121016
0.021741 0.121016
0.02154 0.121015
0.021341 0.121015
0.021143 0.121015
0.020947 0.121014
0.020753 0.121014
0.020561 0.121013
0.020371 0.121013
0.020183 0.121013
0.019996 0.121651
0.019811 0.12165
0.019627 0.12165
0.019446 0.121649
0.019266 0.121649
0.019087 0.121649
0.018911 0.121648
0.018736 0.121648
0.018562 0.121648
0.018391 0.121647
0.01822 0.122289
0.018052 0.122288
0.017885 0.122288
0.017719 0.122287
0.017555 0.122287
0.017393 0.122287
0.017232 0.122286
0.017072 0.122286
0.016914 0.122285
0.016758 0.122285
0.016602 0.12293
0.016449 0.122929
0.016297 0.122929
0.016146 0.122929
0.015996 0.122928
0.015848 0.122928
0.015702 0.122927
0.015556 0.122927
0.015412 0.122927
0.01527 0.123575
0.015128 0.123574
0.014988 0.123574
0.01485 0.123574
0.014712 0.123573
0.014576 0.123573
0.014441 0.123572
0.014307 0.123572
0.014175 0.123572
0.014044 0.123571
0.013914 0.124223
0.013785 0.124222
0.013657 0.124222
0.013531 0.124222
0.013406 0.124221
0.013282 0.124221
0.013159 0.12422
0.013037 0.12422
0.012916 0.12422
0.012797 0.124219
0.012678 0.124874
0.012561 0.124874
0.012445 0.124873
0.01233 0.124873
0.012216 0.124873
0.012102 0.124872
0.01199 0.124872
0.01188 0.124871
0.01177 0.124871
0.011661 0.125529
0.011553 0.125529
0.011446 0.125529
0.01134 0.125528
0.011235 0.125528
0.011131 0.125527
0.011028 0.125527
0.010926 0.125527
0.010825 0.125526
0.010724 0.126188
0.010625 0.126188
0.010527 0.126187
0.010429 0.126187
0.010333 0.126186
0.010237 0.126186
0.010143 0.126186
0.010049 0.126185
0.009956 0.12685
0.009864 0.12685
0.009772 0.12685
0.009682 0.126849
0.009592 0.126849
0.009503 0.126849
0.009415 0.126848
0.009328 0.126848
0.009242 0.127516
0.009156 0.127516
0.009072 0.127516
0.008988 0.127515
0.008905 0.127515
0.008822 0.128187
0.00874 0.128187
0.00866 0.128186
0.008579 0.128186
0.0085 0.128862
0.008421 0.128861
0.008343 0.128861
0.008266 0.12954
0.00819 0.12954
0.008114 0.129539
0.008039 0.130222
0.007964 0.130222
0.007891 0.130909
0.007818 0.130908
0.007745 0.130908
0.007673 0.131597
0.007602 0.131597
0.007532 0.131597
0.007462 0.132291
0.007393 0.13229
0.007325 0.132988
0.007257 0.132987
0.00719 0.133689
0.007257 0.134394
0.007325 0.135104
0.007393 0.135104
0.007462 0.135817
0.007532 0.135818
0.007602 0.135818
0.007673 0.135818
0.007745 0.135819
0.007817 0.135819
0.00789 0.13582
0.007964 0.13582
0.008038 0.13582
0.008113 0.135821
0.008189 0.135821
0.008266 0.136538
0.008343 0.136539
0.008421 0.136539
0.008499 0.13654
0.008579 0.13654
0.008659 0.13654
0.00874 0.136541
0.008821 0.136541
0.008904 0.136542
0.008987 0.136542
0.009071 0.137263
0.009156 0.137263
0.009241 0.137264
0.009328 0.137264
0.009415 0.137265
0.009503 0.137265
0.009591 0.137265
0.009681 0.137265
0.009771 0.137265
0.009863 0.137267
0.009955 0.137267
0.010048 0.137992
0.010142 0.137992
0.010236 0.137992
0.010332 0.137993
0.010428 0.137993
0.010526 0.137994
0.010624 0.137994
0.010723 0.137995
0.010824 0.137995
0.010925 0.137996
0.011027 0.137996
0.01113 0.137996
0.011234 0.137997
0.011339 0.137997
0.011445 0.137998
0.011551 0.137998
0.011659 0.138726
0.011768 0.138727
0.011878 0.138727
0.011989 0.138728
0.012101 0.138728
0.012214 0.138729
0.012328 0.138729
0.012443 0.13873
0.01256 0.13873
0.012677 0.13873
0.012795 0.138731
0.012915 0.138731
0.013036 0.138732
0.013157 0.138732
0.01328 0.138733
0.013404 0.138733
0.013529 0.138733
0.013656 0.139466
0.013783 0.139466
0.013912 0.139467
0.014042 0.139467
0.014173 0.139467
0.014306 0.139468
0.014439 0.139468
0.014574 0.139469
0.01471 0.139469
0.014848 0.13947
0.014986 0.13947
0.015126 0.139471
0.015268 0.139471
0.01541 0.139471
0.015554 0.139472
0.015699 0.139472
0.015846 0.139473
0.015994 0.139473
0.016144 0.139473
0.016294 0.14021
0.016446 0.14021
0.0166 0.140211
0.016755 0.140211
0.016912 0.140211
0.01707 0.140212
0.017229 0.140212
0.01739 0.140213
0.017552 0.140213
0.017716 0.140214
0.017882 0.140214
0.018049 0.140215
0.018218 0.140215
0.018388 0.140215
0.018559 0.140216
0.018733 0.140216
0.018908 0.140217
0.019084 0.140217
0.019263 0.140218
0.019443 0.140218
0.019624 0.140958
0.019807 0.140959
0.019992 0.140959
0.020179 0.14096
0.020368 0.14096
0.020558 0.14096
0.02075 0.140961
0.020944 0.140961
0.021139 0.140962
0.021337 0.140962
0.021536 0.140963
0.021737 0.140963
0.02194 0.140963
0.022145 0.140964
0.022352 0.140964
0.022561 0.140965
0.022772 0.140965
0.022985 0.140966
0.023199 0.140966
0.023416 0.14171
0.023635 0.141711
0.023855 0.141711
0.024078 0.141712
0.024303 0.141712
0.02453 0.141712
0.024759 0.141713
0.024991 0.141713
0.025224 0.141714
0.02546 0.141714
0.025697 0.141715
0.025937 0.141715
0.02618 0.141715
0.026424 0.141716
0.026671 0.141716
0.02692 0.141717
0.027172 0.141717
0.027426 0.141718
0.027682 0.141718
0.02794 0.141719
0.028201 0.142467
0.028465 0.142467
0.02873 0.142468
0.028999 0.142468
0.02927 0.142468
0.029543 0.142469
0.029819 0.142469
0.030098 0.14247
0.030379 0.14247
0.030663 0.142471
0.030949 0.142471
0.031238 0.142472
0.03153 0.142472
0.031824 0.142472
0.032122 0.142473
0.032422 0.142473
0.032725 0.142474
0.03303 0.142474
0.033339 0.143226
0.03365 0.143227
0.033964 0.143227
0.034282 0.143228
0.034602 0.143228
0.034925 0.143228
0.035251 0.143229
0.035581 0.143229
0.035913 0.14323
0.036248 0.14323
0.036587 0.143231
0.036929 0.143231
0.037274 0.143232
0.037622 0.143232
0.037973 0.143232
0.038328 0.143233
0.038686 0.143233
0.039047 0.143989
0.039412 0.14399
0.03978 0.14399
0.040152 0.143991
0.040527 0.143991
0.040905 0.143992
0.041287 0.143992
0.041673 0.143993
0.042062 0.143993
0.042455 0.143993
0.042852 0.143994
0.043252 0.143994
0.043656 0.143995
0.044064 0.143995
0.044475 0.144755
0.044891 0.144756
0.04531 0.144756
0.045733 0.144757
0.04616 0.145521
0.046591 0.145521
0.047027 0.145522
0.047466 0.145522
0.047909 0.145523
0.048357 0.145523
0.048809 0.145523
0.049264 0.145524
0.049725 0.145524
0.050189 0.145525
0.050658 0.145525
0.051131 0.145526
0.051609 0.145526
0.05209 0.145527
0.052577 0.145527
0.053069 0.145528
0.053564 0.145528
0.054065 0.145528
0.054569 0.146297
0.055079 0.146297
0.055594 0.146298
0.056113 0.146298
0.056637 0.146298
0.057166 0.146299
0.0577 0.146299
0.058239 0.1463
0.058783 0.1463
0.059332 0.146301
0.059886 0.146301
0.060446 0.146302
0.06101 0.146302
0.06158 0.147074
0.062155 0.147075
0.062735 0.147851
0.063321 0.147852
0.063912 0.148632
0.06451 0.148632
0.065112 0.148633
0.06572 0.148633
0.066334 0.148634
0.066954 0.148634
0.067579 0.148635
0.06821 0.149419
0.068847 0.14942
0.06949 0.150208
0.070139 0.150209
0.070794 0.151002
0.070138 0.151797
0.069489 0.152598
0.068845 0.153403
0.068208 0.153402
0.067577 0.154211
0.066951 0.15421
0.066332 0.15421
0.065718 0.154209
0.06511 0.154209
0.064507 0.154208
0.06391 0.154208
0.063319 0.154208
0.062733 0.154207
0.062152 0.154207
0.061577 0.154206
0.061007 0.154206
0.060442 0.155019
0.059883 0.155018
0.059328 0.155018
0.058779 0.155017
0.058235 0.155017
0.057696 0.155834
0.057162 0.155832
0.056633 0.155832
0.056109 0.155832
0.05559 0.155832
0.055075 0.156653
0.054565 0.156653
0.05406 0.156652
0.05356 0.156652
0.053064 0.156652
0.052573 0.156651
0.052086 0.157477
0.051604 0.157476
0.051127 0.157476
0.050654 0.157475
0.050185 0.157475
0.04972 0.157474
0.04926 0.158305
0.048804 0.158304
0.048352 0.158304
0.047905 0.158303
0.047462 0.158303
0.047022 0.158302
0.046587 0.159137
0.046156 0.159136
0.045729 0.159136
0.045305 0.159135
0.044886 0.159135
0.044471 0.159133
0.044059 0.159973
0.043651 0.159973
0.043247 0.159972
0.042847 0.159972
0.04245 0.159971
0.042057 0.159971
0.041668 0.15997
0.041283 0.15997
0.040901 0.159969
0.040522 0.159969
0.040147 0.159968
0.039775 0.159968
0.039407 0.159967
0.039043 0.159967
0.038681 0.16081
0.038323 0.16081
0.037968 0.161657
0.037617 0.161657
0.037269 0.161656
0.036924 0.161656
0.036582 0.161655
0.036244 0.161655
0.035908 0.161654
0.035576 0.162507
0.035245 0.163363
0.03492 0.163363
0.034597 0.163362
0.034277 0.163362
0.033959 0.163361
0.033645 0.163361
0.033334 0.16336
0.033025 0.16336
0.03272 0.163359
0.032417 0.163359
0.032117 0.16422
0.031819 0.164219
0.031525 0.164219
0.031233 0.164218
0.030944 0.164218
0.030658 0.164217
0.030374 0.164217
0.030093 0.164216
0.029814 0.165082
0.029538 0.165082
0.029265 0.165081
0.028994 0.165081
0.028726 0.16508
0.02846 0.165079
0.028197 0.165079
0.027936 0.165078
0.027677 0.165949
0.027421 0.165948
0.027167 0.165948
0.026916 0.165947
0.026666 0.165947
0.026419 0.165946
0.026175 0.166821
0.025933 0.166821
0.025693 0.16682
0.025455 0.166819
0.025219 0.166819
0.024986 0.167698
0.024755 0.167698
0.024526 0.167697
0.024299 0.167697
0.024074 0.167696
0.023851 0.16858
0.02363 0.16858
0.023411 0.169469
0.023195 0.169468
0.02298 0.169468
0.022767 0.170361
0.022556 0.171259
0.022348 0.171259
0.022347 0.172162
0.022347 0.17307
0.022347 0.173983
0.022347 0.174901
0.022556 0.174902
0.022766 0.175825
0.022979 0.176753
0.023194 0.176753
0.02341 0.177686
0.023629 0.177687
0.023849 0.177687
0.024072 0.177688
0.024297 0.177689
0.024524 0.177689
0.024753 0.17769
0.024984 0.17769
0.025218 0.177691
0.025453 0.178629
0.025691 0.178629
0.025931 0.17863
0.026173 0.179573
0.026417 0.179573
0.026664 0.180521
0.026913 0.180522
0.027164 0.181474
0.027418 0.182432
0.027418 0.183395
0.027674 0.184363
0.027932 0.185336
0.027932 0.186313
0.027932 0.187296
0.028193 0.188285
0.028192 0.189278
0.028192 0.190277
0.028192 0.19128
0.028455 0.191281
0.028192 0.19128
0.027931 0.192289
0.027672 0.192288
0.027416 0.192288
0.027163 0.192287
0.026911 0.192286
0.026662 0.192286
0.026415 0.192285
0.026171 0.192285
0.025929 0.192284
0.025689 0.192283
0.025451 0.192283
0.025215 0.193296
0.024982 0.193296
0.024751 0.193295
0.024522 0.193295
0.024295 0.194313
0.02407 0.194313
0.023847 0.195338
0.023626 0.195337
0.023408 0.195336
0.023191 0.196366
0.022976 0.196366
0.023191 0.197402
0.023407 0.197403
0.023626 0.197403
0.023847 0.197404
0.024069 0.198446
0.024294 0.198446
0.024521 0.198447
0.02475 0.198448
0.024981 0.198448
0.025215 0.198449
0.02545 0.19845
0.025688 0.19845
0.025928 0.198451
0.02617 0.198451
0.026415 0.198452
0.026661 0.198453
0.02691 0.198453
0.027162 0.198454
0.027415 0.198454
0.027671 0.199502
0.02793 0.199503
0.028191 0.199503
0.028454 0.199504
0.02872 0.199504
0.028988 0.199505
0.029259 0.199506
0.029532 0.199506
0.029808 0.200559
0.030086 0.20056
0.030367 0.200561
0.030651 0.200561
0.030937 0.200562
0.031226 0.200563
0.031518 0.200563
0.031812 0.200564
0.032109 0.201622
0.032409 0.201623
0.032712 0.201624
0.033018 0.201624
0.033326 0.201625
0.033637 0.201626
0.033952 0.201626
0.034269 0.20269
0.034589 0.202691
0.034912 0.202692
0.035238 0.202692
0.035567 0.202693
0.035899 0.202694
0.036234 0.203764
0.036573 0.203764
0.036914 0.203765
0.037259 0.203765
0.037607 0.203766
0.037958 0.204842
0.038313 0.204842
0.038671 0.204842
0.039032 0.204844
0.039396 0.205925
0.039764 0.205925
0.040136 0.205926
0.040511 0.205927
0.040889 0.205927
0.041271 0.207014
0.041656 0.207015
0.042044 0.208108
0.042438 0.208108
0.042835 0.208108
0.043235 0.20811
0.043638 0.209208
0.044046 0.210312
0.044457 0.211422
0.044457 0.212538
0.044456 0.213659
0.044045 0.214785
0.044044 0.215918
0.043637 0.217057
0.043232 0.218201
0.042832 0.219351
0.042436 0.219351
0.042043 0.21935
0.041654 0.219349
0.041268 0.219349
0.040886 0.219348
0.040508 0.219347
0.040133 0.219346
0.039762 0.219346
0.039394 0.219345
0.039029 0.219344
0.038668 0.219344
0.03831 0.219343
0.037956 0.219342
0.037604 0.219342
0.037256 0.219341
0.036912 0.21934
0.03657 0.21934
0.036231 0.220496
0.035896 0.220495
0.035564 0.220495
0.035235 0.220494
0.034909 0.220493
0.034585 0.220493
0.034265 0.220492
0.033948 0.221654
0.033634 0.221654
0.033323 0.221652
0.033014 0.221652
0.032709 0.222821
0.032406 0.22282
0.032106 0.222818
0.031809 0.222818
0.031514 0.222818
0.031223 0.222817
0.030934 0.223992
0.030647 0.223991
0.030364 0.223991
0.030083 0.22399
0.029804 0.223989
0.029528 0.223988
0.029255 0.223988
0.028984 0.223987
0.028716 0.225168
0.02845 0.225167
0.028187 0.225167
0.027926 0.225166
0.027668 0.225165
0.027412 0.225164
0.027158 0.225164
0.026907 0.225163
0.026657 0.22635
0.026411 0.226349
0.026166 0.226349
0.025924 0.226348
0.025684 0.226347
0.025447 0.226347
0.025211 0.226346
0.024978 0.226345
0.024746 0.227538
0.024517 0.227538
0.02429 0.227536
0.024066 0.227536
0.023843 0.227536
0.023622 0.227535
0.023404 0.227534
0.023187 0.227533
0.022972 0.228733
0.02276 0.228732
0.022549 0.228732
0.02234 0.228731
0.022134 0.22873
0.021929 0.228729
0.021726 0.228729
0.021525 0.229935
0.021326 0.229934
0.021128 0.229933
0.020933 0.229932
0.020739 0.229932
0.020547 0.229931
0.020357 0.231142
0.020168 0.231142
0.019982 0.231142
0.019797 0.231141
0.019613 0.23236
0.019432 0.232359
0.019252 0.232358
0.019074 0.232357
0.018897 0.233582
0.018722 0.233582
0.018549 0.233581
0.018377 0.234812
0.018207 0.234812
0.018039 0.234811
0.017872 0.236049
0.017706 0.236048
0.017542 0.237293
0.01738 0.238544
0.017219 0.238543
0.01706 0.2398
0.016902 0.241065
0.016902 0.242335
0.016745 0.243614
0.01659 0.244898
0.016436 0.246189
0.016284 0.246189
0.016133 0.247486
0.016133 0.248792
0.015984 0.250103
0.015984 0.251423
0.015984 0.252749
0.015984 0.254083
0.015984 0.255423
0.015983 0.25677
0.015983 0.258125
0.015983 0.259485
0.015835 0.260854
0.015835 0.26223
0.015835 0.263614
0.015688 0.265004
0.015688 0.266402
0.015543 0.266401
0.015399 0.267805
0.015257 0.267804
0.015115 0.269216
0.014976 0.269215
0.014837 0.270635
0.0147 0.270634
0.014563 0.27206
0.014429 0.27206
0.014295 0.273494
0.014163 0.273493
0.014032 0.273492
0.013902 0.273491
0.013773 0.273491
0.013646 0.27349
0.013519 0.274932
0.013394 0.276381
0.01327 0.27638
0.013147 0.277837
0.013026 0.279302
0.012905 0.280775
0.012905 0.282256
0.012905 0.283745
0.012905 0.285241
0.012785 0.286745
0.012785 0.288258
0.012785 0.289778
0.012667 0.291306
0.012549 0.291305
0.012433 0.291304
0.012318 0.29284
0.012204 0.294384
0.012091 0.295936
0.011979 0.295935
0.011868 0.295934
0.011758 0.297494
0.011758 0.299064
0.011758 0.300641
0.011758 0.302227
0.011758 0.303821
0.011758 0.305424
0.011758 0.307035
0.011758 0.308655
0.011758 0.310283
0.011758 0.31192
0.011868 0.313566
0.011978 0.315221
0.01209 0.316885
0.012203 0.316886
0.012317 0.318559
0.012432 0.31856
0.012548 0.31856
0.012665 0.318562
0.012784 0.318563
0.012903 0.318564
0.013024 0.318565
0.013145 0.318566
0.013268 0.320247
0.013392 0.320247
0.013517 0.320249
0.013643 0.32194
0.013771 0.321941
0.013899 0.321942
0.014029 0.323641
0.01416 0.323642
0.014292 0.32535
0.014426 0.327068
0.014561 0.327069
0.014697 0.32707
0.014834 0.327071
0.014972 0.327072
0.015112 0.327073
0.015253 0.327074
0.015396 0.3288
0.01554 0.328801
0.015685 0.330537
0.015831 0.332281
0.015979 0.334035
0.016128 0.335798
0.016128 0.33757
0.016128 0.33935
0.016278 0.339351
0.01643 0.341143
0.01643 0.342942
0.016584 0.344752
0.016739 0.346572
0.016895 0.346573
0.017053 0.346574
0.017212 0.346575
0.017373 0.346577
0.017535 0.346578
0.017699 0.348407
0.017864 0.348408
0.018031 0.348409
0.018199 0.350248
0.018369 0.350249
0.018541 0.35025
0.018714 0.352099
0.018889 0.3521
0.019064 0.352101
0.019243 0.352102
0.019423 0.353961
0.019604 0.353962
0.019788 0.353963
0.019972 0.355831
0.020159 0.355833
0.020347 0.357711
0.020537 0.357712
0.020729 0.3596
0.020922 0.359601
0.021118 0.361499
0.021315 0.3615
0.021514 0.363408
0.021715 0.365327
0.021918 0.365327
0.022122 0.367256
0.022329 0.367257
0.022537 0.369196
0.022748 0.369197
0.02296 0.371146
0.023175 0.371147
0.023391 0.373106
0.02361 0.373107
0.02383 0.375076
0.024053 0.375077
0.024277 0.377057
0.024504 0.377058
0.024733 0.379049
0.024964 0.379049
0.025197 0.381051
0.025432 0.381052
0.025669 0.383063
0.025909 0.385085
0.026151 0.385086
0.026395 0.387119
0.026395 0.389161
0.026641 0.391214
0.026641 0.393279
0.026641 0.395353
0.026394 0.397438
0.026394 0.399534
0.02615 0.40164
0.02615 0.403759
0.02615 0.405889
0.025907 0.408029
0.025907 0.410181
0.025907 0.412345
0.025667 0.414519
0.025667 0.416706
0.025429 0.418903
0.025429 0.421112
0.025194 0.421111
0.024961 0.423331
0.02473 0.42333
0.024501 0.425562
0.024274 0.42556
0.024049 0.425559
0.023827 0.425558
0.023606 0.425556
0.023388 0.425555
0.023171 0.425554
0.022957 0.425552
0.022744 0.427796
0.022534 0.427794
0.022325 0.427792
0.022118 0.430048
0.021914 0.430047
0.021711 0.432313
0.02151 0.432313
0.021311 0.432312
0.021113 0.434591
0.020918 0.434589
0.020724 0.434588
0.020533 0.434587
0.020343 0.436878
0.020154 0.436876
0.019968 0.43918
0.019783 0.439178
0.0196 0.439177
0.019418 0.441492
0.019239 0.441491
0.019061 0.44149
0.018884 0.441488
0.018709 0.443816
0.018536 0.443814
0.018365 0.443813
0.018194 0.446153
0.018026 0.446151
0.017859 0.44615
0.017694 0.446149
0.01753 0.448501
0.017368 0.448499
0.017207 0.448498
0.017048 0.448496
0.01689 0.448494
0.016734 0.45086
0.016579 0.450858
0.016425 0.450857
0.016273 0.450855
0.016122 0.453232
0.015974 0.453231
0.015826 0.453228
0.015679 0.453228
0.015534 0.453227
0.01539 0.455616
0.015248 0.455614
0.015107 0.455613
0.014967 0.455612
0.014828 0.45561
0.014691 0.458012
0.014555 0.458011
0.01442 0.458009
0.014287 0.458008
0.014155 0.460423
0.014024 0.460421
0.013894 0.46042
0.013765 0.460418
0.013638 0.460417
0.013512 0.462844
0.013387 0.462843
0.013263 0.462841
0.01314 0.46284
0.013018 0.46528
0.012898 0.465278
0.012778 0.465277
0.01266 0.465276
0.012543 0.465274
0.012427 0.467727
0.012312 0.467725
0.012198 0.467724
0.012085 0.467722
0.011973 0.467721
0.011862 0.46772
0.011753 0.470186
0.011644 0.470184
0.011536 0.470183
0.011429 0.470181
0.011323 0.47018
0.011219 0.472658
0.011115 0.472656
0.011012 0.472655
0.01091 0.472654
0.010809 0.472653
0.010709 0.475144
0.01061 0.475143
0.010512 0.475141
0.010414 0.47514
0.010318 0.475138
0.010222 0.477643
0.010128 0.477642
0.010034 0.47764
0.009941 0.477639
0.009849 0.480157
0.009758 0.480154
0.009668 0.480154
0.009578 0.480152
0.00949 0.480151
0.009402 0.482682
0.009315 0.482681
0.009229 0.482679
0.009143 0.482678
0.009058 0.482676
0.008975 0.485221
0.008892 0.485219
0.008809 0.485218
0.008728 0.485215
0.008647 0.487774
0.008567 0.487773
0.008488 0.487771
0.008408 0.48777
0.008331 0.487768
0.008254 0.49034
0.008178 0.490338
0.008102 0.490337
0.008027 0.490335
0.007953 0.490334
0.007879 0.492919
0.007806 0.492917
0.007734 0.492916
0.007662 0.492914
0.007591 0.492913
0.007521 0.49291
0.007452 0.49551
0.007383 0.495508
0.007314 0.495507
0.007247 0.495505
0.00718 0.495504
0.007113 0.498116
0.007047 0.498114
0.006982 0.498113
0.006917 0.498111
0.006853 0.49811
0.00679 0.498108
0.006727 0.500734
0.006665 0.500732
0.006603 0.500731
0.006542 0.500729
0.006481 0.500728
0.006421 0.500726
0.006362 0.500725
0.006303 0.503365
0.006245 0.503363
0.006187 0.503361
0.00613 0.50336
0.006073 0.503358
0.006017 0.503357
0.005961 0.506009
0.005906 0.506009
0.005851 0.506006
0.005797 0.506006
0.005743 0.506004
0.00569 0.506002
0.005638 0.506001
0.005585 0.508669
0.005534 0.508667
0.005483 0.508665
0.005432 0.508664
0.005382 0.508662
0.005332 0.511344
0.005282 0.511342
0.005233 0.511341
0.005185 0.511339
0.005137 0.511337
0.005089 0.514033
0.005042 0.514032
0.004996 0.51403
0.004949 0.51674
0.004904 0.516738
0.004858 0.516737
0.004813 0.519461
0.004769 0.5222
0.004725 0.524953
0.004681 0.52772
0.004681 0.530504
0.004637 0.533301
0.004594 0.533299
0.004552 0.536111
0.00451 0.536109
0.004468 0.536107
0.004427 0.538934
0.004386 0.538932
0.004345 0.53893
0.004305 0.538929
0.004265 0.538927
0.004226 0.541768
0.004186 0.541767
0.004148 0.544623
0.004109 0.544621
0.004071 0.547492
0.004034 0.550379
0.003996 0.550377
0.003959 0.553278
0.003923 0.553277
0.003886 0.556194
0.00385 0.556192
0.003815 0.559124
0.003779 0.559122
0.003744 0.562069
0.003744 0.565035
0.00371 0.568014
0.00371 0.57101
0.003744 0.571012
0.003779 0.574026
0.003815 0.577056
0.00385 0.580102
0.003886 0.580104
0.003922 0.580106
0.003959 0.580107
0.003996 0.580109
0.004033 0.580111
0.004071 0.583173
0.004109 0.583175
0.004147 0.583177
0.004186 0.586255
0.004225 0.586257
0.004265 0.589351
0.004304 0.592462
0.004345 0.592464
0.004385 0.595591
0.004426 0.598735
0.004426 0.601893
0.004467 0.60507
0.004467 0.608261
0.004467 0.61147
0.004509 0.614698
0.004551 0.617943
0.004594 0.617945
0.004637 0.617947
0.00468 0.617948
0.004724 0.61795
0.004768 0.617951
0.004812 0.617954
0.004857 0.621216
0.004903 0.621218
0.004948 0.62122
0.004995 0.624499
0.005041 0.624501
0.005088 0.624503
0.005136 0.627799
0.005184 0.627801
0.005232 0.627803
0.005281 0.631117
0.00533 0.631119
0.00538 0.63445
0.00543 0.634452
0.005481 0.637801
0.005532 0.637803
0.005584 0.641169
0.005636 0.641171
0.005689 0.641173
0.005742 0.644558
0.005796 0.64456
0.00585 0.647962
0.005904 0.647964
0.005959 0.651384
0.006015 0.651386
0.006071 0.654824
0.006128 0.654826
0.006185 0.654828
0.006243 0.65483
0.006301 0.658287
0.00636 0.658289
0.00642 0.658291
0.006479 0.661765
0.00654 0.661768
0.006601 0.66177
0.006663 0.661772
0.006725 0.665265
0.006788 0.665267
0.006851 0.665268
0.006915 0.665271
0.00698 0.668782
0.007045 0.668785
0.007111 0.668787
0.007177 0.668788
0.007244 0.672318
0.007312 0.672321
0.00738 0.672323
0.007449 0.672324
0.007519 0.675873
0.007589 0.675876
0.00766 0.675878
0.007731 0.679446
0.007803 0.679448
0.007876 0.67945
0.00795 0.683036
0.008024 0.683038
0.008099 0.686644
0.008175 0.686646
0.008251 0.69027
0.008328 0.690272
0.008406 0.693916
0.008484 0.693918
0.008564 0.697581
0.008643 0.701263
0.008724 0.701265
0.008806 0.704966
0.008888 0.704968
0.008971 0.708689
0.009055 0.708692
0.009139 0.708694
0.009225 0.712435
0.009311 0.712437
0.009398 0.716197
0.009485 0.7162
0.009574 0.716202
0.009663 0.716203
0.009754 0.719984
0.009845 0.719987
0.009937 0.719989
0.01003 0.723789
0.010123 0.72379
0.010218 0.723794
0.010313 0.723796
0.01041 0.727616
0.010507 0.727619
0.010605 0.727621
0.010704 0.731462
0.010804 0.731464
0.010905 0.731466
0.011007 0.731468
0.011109 0.731471
0.011213 0.735332
0.011318 0.735334
0.011424 0.735336
0.01153 0.735338
0.011638 0.73922
0.011747 0.739222
0.011856 0.739224
0.011967 0.739227
0.012079 0.743129
0.012192 0.743131
0.012306 0.743133
0.01242 0.747056
0.012537 0.747058
0.012654 0.747059
0.012772 0.751004
0.012891 0.751005
0.013011 0.75497
0.013133 0.758955
0.013133 0.762959
0.013255 0.766986
0.013255 0.771032
0.013255 0.775099
0.013255 0.779188
0.013379 0.783301
0.013504 0.787434
0.01363 0.787437
0.013757 0.791594
0.013886 0.791596
0.014015 0.791599
0.014146 0.791601
0.014278 0.791604
0.014412 0.791606
0.014546 0.791609
0.014682 0.795787
0.014819 0.79579
0.014958 0.795792
0.015097 0.799992
0.015238 0.799995
0.015381 0.804218
0.015524 0.80422
0.015669 0.804223
0.015816 0.808467
0.015963 0.80847
0.016112 0.812737
0.016263 0.81274
0.016415 0.81703
0.016568 0.817032
0.016723 0.821345
0.016879 0.821347
0.017037 0.825683
0.017196 0.830041
0.017356 0.834422
0.017518 0.838827
0.017682 0.843254
0.017847 0.847705
0.017847 0.852177
0.017847 0.856672
0.017846 0.861191
0.017846 0.865734
0.017846 0.870301
0.017846 0.874892
0.017846 0.879507
0.017846 0.884147
0.017846 0.888811
0.017846 0.893499
0.017846 0.898213
0.017846 0.90295
0.017844 0.907714
0.017844 0.912503
0.01768 0.917313
0.01768 0.922152
0.017516 0.927014
0.017516 0.931903
0.017354 0.936817
0.017193 0.936814
0.017034 0.941752
0.016876 0.941749
0.01672 0.946715
0.016565 0.946712
0.016412 0.951703
0.01626 0.9517
0.01611 0.951697
0.015961 0.951694
0.015813 0.95169
0.015667 0.951687
0.015521 0.956705
0.015378 0.956702
0.015235 0.961746
0.015094 0.961743
0.014955 0.96174
0.014816 0.96681
0.014679 0.966807
0.014543 0.966804
0.014409 0.971901
0.014275 0.971898
0.014143 0.971895
0.014012 0.977018
0.013882 0.977015
0.013754 0.977013
0.013627 0.982164
0.013501 0.982161
0.013375 0.987339
0.013252 0.987336
0.013129 0.987333
0.013007 0.992538
0.012887 0.992535
0.012768 0.992532
0.01265 0.992529
0.012533 0.997761
0.012417 0.997758
0.012302 0.997755
0.012188 0.997752
0.012075 1.003012
0.011963 1.003009
0.011852 1.003006
0.011743 1.003003
0.011634 1.003
0.011526 1.008287
0.01142 1.008284
0.011314 1.008281
0.011209 1.008278
0.011105 1.013594
0.011003 1.01359
0.010901 1.013587
0.0108 1.013584
0.0107 1.013581
0.010601 1.018924
0.010503 1.018921
0.010406 1.018918
0.010309 1.018915
0.010214 1.018912
0.010119 1.024283
0.010026 1.02428
0.009933 1.024277
0.009841 1.024274
0.00975 1.029674
0.00966 1.029671
0.00957 1.029666
0.009482 1.035096
0.009394 1.035093
0.009307 1.035089
0.009221 1.040546
0.009135 1.040543
0.009051 1.046029
0.008967 1.046026
0.008884 1.05154
0.008802 1.051537
0.00872 1.051534
0.00864 1.057077
0.00856 1.057074
0.00848 1.057071
0.008402 1.062644
0.008324 1.06264
0.008247 1.062637
0.008171 1.062634
0.008095 1.06263
0.00802 1.062627
0.007946 1.068229
0.007872 1.068226
0.0078 1.068223
0.007727 1.068219
0.007656 1.068216
0.007585 1.068213
0.007515 1.073844
0.007445 1.073841
0.007376 1.073837
0.007308 1.073834
0.00724 1.073831
0.007173 1.073827
0.007107 1.073824
0.007041 1.079485
0.006976 1.079482
0.006912 1.079478
0.006848 1.079475
0.006784 1.079472
0.006721 1.079468
0.006659 1.079465
0.006598 1.085156
0.006536 1.085153
0.006476 1.085149
0.006416 1.085146
0.006357 1.085142
0.006298 1.090863
0.00624 1.09086
0.006182 1.090856
0.006125 1.090853
0.006068 1.09085
0.006012 1.096601
0.005956 1.096597
0.005901 1.102378
0.005846 1.102374
0.005792 1.108187
0.005846 1.114036
0.005846 1.119913
0.005846 1.125821
0.005901 1.131763
0.005956 1.137737
0.006011 1.143742
0.006068 1.143746
0.006124 1.149783
0.006181 1.149786
0.006239 1.14979
0.006297 1.149793
0.006356 1.149797
0.006416 1.149801
0.006476 1.149804
0.006536 1.149808
0.006597 1.155877
0.006659 1.15588
0.006721 1.155884
0.006784 1.155888
0.006847 1.155891
0.006911 1.161992
0.006976 1.161996
0.007041 1.162
0.007106 1.162003
0.007173 1.162007
0.00724 1.16814
0.007307 1.168144
0.007376 1.168148
0.007445 1.168151
0.007514 1.168155
0.007584 1.168159
0.007655 1.168162
0.007727 1.174328
0.007799 1.174332
0.007872 1.174336
0.007945 1.174339
0.008019 1.174343
0.008094 1.174347
0.00817 1.180545
0.008246 1.180549
0.008323 1.180552
0.008401 1.180556
0.008479 1.18056
0.008559 1.180564
0.008639 1.180567
0.008719 1.180571
0.008801 1.186802
0.008883 1.186806
0.008966 1.18681
0.00905 1.186813
0.009134 1.186817
0.009219 1.186821
0.009306 1.186825
0.009392 1.193089
0.00948 1.193093
0.009569 1.193096
0.009658 1.1931
0.009748 1.193104
0.009839 1.193108
0.009931 1.193111
0.010024 1.193115
0.010118 1.193119
0.010212 1.199417
0.010308 1.19942
0.010404 1.199424
0.010501 1.199428
0.010599 1.199432
0.010698 1.199435
0.010798 1.199439
0.010899 1.199443
0.011001 1.199447
0.011103 1.205778
0.011207 1.205781
0.011312 1.205785
0.011417 1.205789
0.011524 1.205793
0.011632 1.205796
0.01174 1.2058
0.01185 1.205804
0.01196 1.205808
0.012072 1.205811
0.012185 1.212176
0.012299 1.21218
0.012414 1.212184
0.01253 1.212187
0.012647 1.212191
0.012765 1.212195
0.012884 1.212199
0.013005 1.212203
0.013126 1.212206
0.013249 1.21221
0.013372 1.212214
0.013497 1.218612
0.013623 1.218616
0.013751 1.21862
0.013879 1.218624
0.014009 1.218628
0.01414 1.218631
0.014272 1.218635
0.014405 1.218639
0.01454 1.218643
0.014675 1.218647
0.014812 1.218651
0.014951 1.225083
0.01509 1.225087
0.015231 1.225091
0.015374 1.225094
0.015517 1.225098
0.015662 1.225102
0.015808 1.225106
0.015956 1.22511
0.016105 1.225114
0.016256 1.225117
0.016407 1.231584
0.016561 1.231588
0.016715 1.231592
0.016871 1.231595
0.017029 1.231599
0.017188 1.231603
0.017349 1.231607
0.017511 1.231611
0.017674 1.231615
0.017839 1.231619
0.018006 1.231622
0.018174 1.231625
0.018344 1.23163
0.018515 1.231634
0.018688 1.231638
0.018863 1.231642
0.019039 1.231646
0.019217 1.231649
0.019396 1.231653
0.019578 1.238154
0.01976 1.238158
0.019945 1.238162
0.020131 1.238166
0.020319 1.23817
0.020509 1.238173
0.020701 1.238178
0.020894 1.244713
0.021089 1.244717
0.021286 1.244721
0.021485 1.244725
0.021686 1.251295
0.021888 1.251299
0.022093 1.251303
0.022299 1.251306
0.022507 1.25131
0.022718 1.251314
0.02293 1.251318
0.023144 1.251322
0.02336 1.251326
0.023578 1.257931
0.023798 1.257935
0.024021 1.257939
0.024245 1.257943
0.024472 1.257947
0.0247 1.257951
0.024931 1.257954
0.025164 1.257958
0.025399 1.264597
0.025636 1.264602
0.025875 1.264606
0.026117 1.26461
0.026361 1.264614
0.026607 1.264618
0.026856 1.271293
0.027107 1.271297
0.02736 1.271301
0.027615 1.271305
0.027873 1.271309
0.028134 1.271313
0.028396 1.278023
0.028662 1.278027
0.028929 1.278031
0.029199 1.278035
0.029472 1.278039
0.029747 1.284785
0.030025 1.284789
0.030306 1.284793
0.030589 1.284797
0.030874 1.291579
0.031163 1.291583
0.031454 1.2984
0.031747 1.298404
0.032044 1.305258
0.032343 1.305262
0.032343 1.312147
0.032343 1.319069
0.032343 1.326027
0.032043 1.333018
0.031747 1.333014
0.031453 1.340042
0.031162 1.340037
0.030873 1.340033
0.030587 1.340029
0.030304 1.340025
0.030024 1.340021
0.029746 1.340015
0.029471 1.340012
0.029198 1.340008
0.028928 1.340004
0.02866 1.347068
0.028395 1.347064
0.028132 1.34706
0.027872 1.347056
0.027614 1.347052
0.027358 1.347046
0.027105 1.354149
0.026854 1.354145
0.026605 1.35414
0.026359 1.354136
0.026114 1.354132
0.025873 1.354128
0.025634 1.354124
0.025397 1.354119
0.025162 1.361258
0.024929 1.361254
0.024698 1.36125
0.024469 1.361245
0.024243 1.361241
0.024019 1.361237
0.023796 1.361233
0.023576 1.361228
0.023358 1.361224
0.023142 1.361219
0.022928 1.361216
0.022715 1.361211
0.022505 1.361207
0.022297 1.361203
0.022091 1.361199
0.021886 1.368375
0.021683 1.368371
0.021483 1.368366
0.021284 1.368362
0.021087 1.368358
0.020892 1.368354
0.020698 1.375568
0.020507 1.375563
0.020317 1.375559
0.020129 1.375555
0.019943 1.37555
0.019758 1.375546
0.019575 1.375542
0.019394 1.375537
0.019215 1.375533
0.019037 1.375529
0.018861 1.375525
0.018686 1.37552
0.018513 1.375516
0.018342 1.382768
0.018172 1.382763
0.018004 1.382759
0.017837 1.382755
0.017672 1.38275
0.017509 1.382746
0.017347 1.382742
0.017186 1.382737
0.017027 1.382733
0.016869 1.382728
0.016713 1.382724
0.016559 1.38272
0.016405 1.382716
0.016253 1.382711
0.016103 1.390001
0.015954 1.389997
0.015806 1.389992
0.01566 1.389988
0.015515 1.389984
0.015372 1.389979
0.015229 1.389975
0.015088 1.389971
0.014949 1.389966
0.01481 1.389962
0.014673 1.389958
0.014537 1.389953
0.014403 1.389949
0.01427 1.389945
0.014137 1.397272
0.014007 1.397268
0.013877 1.397264
0.013749 1.397259
0.013621 1.397255
0.013495 1.397251
0.01337 1.397246
0.013247 1.397241
0.013124 1.397238
0.013003 1.397233
0.012882 1.397229
0.012763 1.397224
0.012645 1.39722
0.012528 1.397216
0.012412 1.397211
0.012297 1.404577
0.012183 1.404573
0.01207 1.404569
0.011959 1.404564
0.011848 1.40456
0.011738 1.404555
0.01163 1.404551
0.011522 1.404547
0.011416 1.404542
0.01131 1.404538
0.011205 1.404534
0.011102 1.404529
0.010999 1.404525
0.010897 1.40452
0.010796 1.404516
0.010696 1.411921
0.010597 1.411916
0.010499 1.411912
0.010402 1.411907
0.010306 1.411903
0.01021 1.411899
0.010116 1.411894
0.010022 1.41189
0.009929 1.411885
0.009838 1.411881
0.009747 1.411876
0.009656 1.411872
0.009567 1.411868
0.009478 1.411862
0.009391 1.411859
0.009304 1.419302
0.009218 1.419298
0.009132 1.419293
0.009048 1.419289
0.008964 1.419284
0.008881 1.41928
0.008799 1.419276
0.008717 1.419271
0.008637 1.419267
0.008557 1.419262
0.008478 1.419258
0.008399 1.419252
0.008321 1.419249
0.008244 1.419244
0.008168 1.426727
0.008093 1.426722
0.008018 1.426718
0.007943 1.426713
0.00787 1.426709
0.007797 1.426704
0.007725 1.4267
0.007653 1.426696
0.007583 1.426691
0.007512 1.426687
0.007443 1.426682
0.007374 1.426678
0.007306 1.434199
0.007238 1.434194
0.007171 1.43419
0.007105 1.434186
0.007039 1.434181
0.006974 1.434177
0.006909 1.434172
0.006845 1.434168
0.006782 1.434163
0.006719 1.434159
0.006657 1.434154
0.006595 1.43415
0.006534 1.434145
0.006474 1.441706
0.006414 1.441702
0.006355 1.441697
0.006296 1.441693
0.006238 1.441688
0.00618 1.441684
0.006123 1.441679
0.006066 1.441675
0.00601 1.44167
0.005954 1.441666
0.005899 1.441661
0.005845 1.449262
0.00579 1.449257
0.005737 1.449253
0.005684 1.449247
0.005631 1.449243
0.005579 1.449239
0.005527 1.449234
0.005476 1.44923
0.005426 1.449225
0.005375 1.449221
0.005326 1.449216
0.005276 1.456857
0.005227 1.456852
0.005179 1.456847
0.005131 1.456843
0.005084 1.456838
0.005037 1.456834
0.00499 1.456829
0.004944 1.456825
0.004898 1.45682
0.004853 1.4645
0.004808 1.464496
0.004763 1.464491
0.004719 1.464487
0.004676 1.464482
0.004632 1.464478
0.004589 1.464473
0.004547 1.464468
0.004505 1.464464
0.004463 1.472185
0.004422 1.47218
0.004381 1.472175
0.00434 1.472171
0.0043 1.472166
0.00426 1.479927
0.004221 1.479922
0.004182 1.479918
0.004143 1.479914
0.004105 1.479909
0.004067 1.487711
0.004029 1.487706
0.003992 1.49555
0.003955 1.503434
0.003955 1.511365
0.003992 1.519342
0.004029 1.527362
0.004067 1.535424
0.004105 1.535429
0.004143 1.535433
0.004182 1.535438
0.004221 1.535443
0.00426 1.535448
0.0043 1.535453
0.00434 1.535457
0.004381 1.535461
0.004422 1.535467
0.004463 1.535472
0.004505 1.535477
0.004547 1.543581
0.004589 1.543586
0.004632 1.543591
0.004675 1.543596
0.004719 1.543601
0.004763 1.543605
0.004808 1.54361
0.004852 1.543615
0.004898 1.551763
0.004943 1.551768
0.00499 1.551772
0.005036 1.551777
0.005083 1.551782
0.005131 1.551787
0.005179 1.551791
0.005227 1.551797
0.005276 1.559988
0.005325 1.559992
0.005375 1.559997
0.005425 1.560001
0.005476 1.560007
0.005527 1.560012
0.005579 1.560017
0.005631 1.560022
0.005683 1.560027
0.005736 1.560031
0.00579 1.560036
0.005844 1.560041
0.005899 1.568276
0.005954 1.568281
0.006009 1.568285
0.006065 1.56829
0.006122 1.568295
0.006179 1.5683
0.006237 1.568305
0.006295 1.568309
0.006354 1.568315
0.006413 1.56832
0.006473 1.568325
0.006534 1.56833
0.006595 1.568334
0.006656 1.576613
0.006719 1.576617
0.006781 1.576622
0.006845 1.576627
0.006909 1.576632
0.006973 1.576636
0.007038 1.576642
0.007104 1.576647
0.00717 1.576652
0.007237 1.576657
0.007305 1.576662
0.007373 1.576667
0.007442 1.576671
0.007512 1.576677
0.007582 1.576682
0.007653 1.576687
0.007724 1.57669
0.007796 1.576696
0.007869 1.576701
0.007943 1.585024
0.008017 1.585029
0.008092 1.585034
0.008167 1.585038
0.008243 1.585043
0.00832 1.585048
0.008398 1.585053
0.008477 1.585058
0.008556 1.585062
0.008636 1.585068
0.008716 1.585073
0.008798 1.585078
0.00888 1.585083
0.008963 1.585088
0.009047 1.585093
0.009131 1.585098
0.009217 1.585103
0.009303 1.585108
0.009389 1.585113
0.009477 1.585118
0.009566 1.593484
0.009655 1.593489
0.009745 1.593494
0.009836 1.593499
0.009928 1.593504
0.010021 1.593509
0.010114 1.593513
0.010209 1.593519
0.010304 1.593524
0.010401 1.593529
0.010498 1.593534
0.010596 1.593539
0.010695 1.593544
0.010795 1.593548
0.010896 1.593554
0.010997 1.593559
0.0111 1.593564
0.011204 1.593569
0.011308 1.593574
0.011414 1.593579
0.011521 1.593584
0.011628 1.593589
0.011737 1.593594
0.011846 1.593599
0.011957 1.593604
0.012069 1.602015
0.012181 1.602021
0.012295 1.602026
0.01241 1.602031
0.012526 1.602036
0.012643 1.602041
0.012761 1.602046
0.01288 1.602051
0.013001 1.602056
0.013122 1.602061
0.013245 1.602066
0.013368 1.602071
0.013493 1.602075
0.013619 1.602081
0.013747 1.602086
0.013875 1.602091
0.014005 1.602096
0.014135 1.602101
0.014267 1.602106
0.014401 1.60211
0.014535 1.602116
0.014671 1.602121
0.014808 1.602126
0.014946 1.602131
0.015086 1.610587
0.015227 1.610592
0.015369 1.610596
0.015513 1.610602
0.015657 1.610607
0.015804 1.610612
0.015951 1.610617
0.0161 1.610623
0.016251 1.610628
0.016403 1.610633
0.016556 1.610638
0.01671 1.610643
0.016867 1.610647
0.017024 1.610653
0.017183 1.610658
0.017344 1.610663
0.017506 1.619164
0.017669 1.619168
0.017834 1.619174
0.018001 1.61918
0.018169 1.619184
0.018339 1.61919
0.01851 1.619195
0.018683 1.6192
0.018857 1.619205
0.019033 1.61921
0.019211 1.619215
0.019391 1.619219
0.019572 1.619225
0.019755 1.61923
0.019939 1.619235
0.020125 1.61924
0.020313 1.619245
0.020503 1.61925
0.020695 1.619254
0.020888 1.61926
0.021083 1.619266
0.02128 1.619271
0.021479 1.619276
0.021679 1.619281
0.021882 1.619286
0.022086 1.619291
0.022293 1.619295
0.022501 1.627843
0.022711 1.627848
0.022923 1.627853
0.023137 1.636445
0.023353 1.636451
0.023571 1.636456
0.023792 1.636461
0.024014 1.636466
0.024238 1.636471
0.024465 1.636476
0.024693 1.63648
0.024924 1.636486
0.025157 1.636492
0.025392 1.636496
0.025629 1.636502
0.025868 1.636507
0.02611 1.636512
0.026354 1.636517
0.0266 1.636522
0.026848 1.636527
0.027099 1.636533
0.027352 1.636538
0.027608 1.636543
0.027866 1.636548
0.028126 1.636553
0.028389 1.636558
0.028654 1.636563
0.028921 1.636568
0.029192 1.636573
0.029464 1.636579
0.02974 1.636584
0.030017 1.636588
0.030298 1.636594
0.030581 1.636599
0.030866 1.636604
0.031155 1.636609
0.031446 1.636614
0.031739 1.63662
0.032036 1.636625
0.032335 1.63663
0.032637 1.636635
0.032942 1.636639
0.03325 1.636645
0.03356 1.63665
0.033874 1.636655
0.03419 1.63666
0.03451 1.636666
0.034832 1.636671
0.035157 1.636676
0.035486 1.636681
0.035817 1.636686
0.036152 1.636691
0.03649 1.636696
0.03683 1.636701
0.037174 1.636706
0.037522 1.636712
0.037872 1.636717
0.038226 1.636722
0.038583 1.636727
0.038943 1.636731
0.039307 1.636737
0.039674 1.636742
0.040045 1.636747
0.040419 1.636753
0.040797 1.636758
0.041178 1.636763
0.041562 1.645402
0.04195 1.645407
0.042342 1.645411
0.042738 1.645418
0.043137 1.645423
0.04354 1.645428
0.043947 1.645433
0.044357 1.645438
0.044771 1.645443
0.04519 1.645448
0.045612 1.645454
0.046038 1.645459
0.046468 1.645464
0.046902 1.645468
0.04734 1.645474
0.047782 1.645479
0.048229 1.645484
0.048679 1.64549
0.049134 1.645495
0.049593 1.6455
0.050056 1.645505
0.050524 1.64551
0.050995 1.654196
0.051472 1.654201
0.051952 1.654205
0.052438 1.654211
0.052928 1.654216
0.053422 1.654221
0.05392 1.654227
0.054424 1.662958
0.054933 1.662963
0.055446 1.662969
0.055964 1.662974
0.056487 1.662979
0.057014 1.662984
0.057547 1.662989
0.058084 1.662995
0.058627 1.663
0.059175 1.663005
0.059727 1.671783
0.060285 1.671788
0.060848 1.671793
0.061416 1.671798
0.06199 1.671803
0.062569 1.671809
0.063154 1.671814
0.063744 1.671819
0.064339 1.671825
0.06494 1.67183
0.065547 1.671835
0.066158 1.680659
0.066776 1.680664
0.0674 1.68067
0.06803 1.680675
0.068665 1.68068
0.069307 1.680686
0.069954 1.689557
0.070607 1.689562
0.071267 1.689567
0.071931 1.689573
0.072604 1.689578
0.073282 1.698496
0.073967 1.698501
0.074658 1.698507
0.075355 1.707472
0.076058 1.707477
0.076769 1.707482
0.077486 1.716495
0.078209 1.716501
0.07894 1.716505
0.079677 1.725566
0.080421 1.725572
0.081172 1.725577
0.08193 1.734685
0.082695 1.734691
0.082695 1.743841
0.082694 1.75304
0.082694 1.762287
0.081928 1.771579
0.08117 1.771573
0.080418 1.780913
0.079674 1.780907
0.078936 1.790296
0.078206 1.79029
0.077482 1.790285
0.076765 1.79028
0.076054 1.790274
0.075351 1.790268
0.074653 1.790263
0.073962 1.790257
0.073278 1.790252
0.0726 1.790246
0.071928 1.79024
0.071262 1.790235
0.070603 1.790229
0.069949 1.790224
0.069302 1.790217
0.068661 1.790212
0.068025 1.790207
0.067396 1.790201
0.066771 1.799639
0.066154 1.799634
0.065541 1.799628
0.064935 1.799622
0.064334 1.799617
0.063738 1.799611
0.063149 1.799605
0.062564 1.799599
0.061985 1.799594
0.061411 1.799589
0.060843 1.799583
0.06028 1.80907
0.059722 1.809065
0.059169 1.809059
0.058622 1.809053
0.058079 1.809048
0.057541 1.809042
0.057009 1.809035
0.056481 1.809031
0.055959 1.809025
0.05544 1.818562
0.054927 1.818557
0.054419 1.818551
0.053915 1.818544
0.053416 1.81854
0.052922 1.818534
0.052432 1.818528
0.051947 1.818523
0.051466 1.818517
0.05099 1.818511
0.050518 1.818505
0.050051 1.8185
0.049587 1.818494
0.049128 1.828081
0.048674 1.828076
0.048223 1.828069
0.047777 1.828064
0.047335 1.828058
0.046897 1.828053
0.046463 1.828047
0.046033 1.828041
0.045607 1.828036
0.045184 1.82803
0.044766 1.828024
0.044352 1.828018
0.043942 1.828012
0.043535 1.828007
0.043132 1.837644
0.042733 1.837638
0.042337 1.837632
0.041945 1.837627
0.041557 1.837621
0.041172 1.837616
0.040791 1.83761
0.040414 1.837604
0.04004 1.837597
0.039669 1.837593
0.039302 1.837587
0.038939 1.837581
0.038578 1.837575
0.038221 1.83757
0.037867 1.837564
0.037517 1.837558
0.03717 1.837552
0.036826 1.837547
0.036485 1.83754
0.036147 1.847227
0.035813 1.847223
0.035481 1.847217
0.035153 1.847211
0.034827 1.847205
0.034505 1.847199
0.034186 1.847194
0.033869 1.847188
0.033556 1.847182
0.033245 1.847176
0.032938 1.847171
0.032633 1.847165
0.032331 1.847159
0.032032 1.847153
0.031735 1.856892
0.031441 1.856886
0.03115 1.856879
0.030862 1.856874
0.030576 1.856868
0.030294 1.856862
0.030013 1.856857
0.029735 1.856851
0.02946 1.856844
0.029188 1.856839
0.028917 1.856833
0.02865 1.856828
0.028385 1.856822
0.028122 1.856816
0.027862 1.856809
0.027604 1.856804
0.027348 1.856799
0.027095 1.866588
0.026844 1.866582
0.026596 1.866576
0.02635 1.866569
0.026106 1.866564
0.025864 1.866559
0.025625 1.866553
0.025388 1.866547
0.025153 1.866541
0.02492 1.866535
0.024689 1.866528
0.024461 1.866524
0.024235 1.866518
0.02401 1.866512
0.023788 1.866506
0.023568 1.8665
0.02335 1.866493
0.023134 1.876335
0.02292 1.876329
0.022707 1.876323
0.022497 1.876317
0.022289 1.87631
0.022083 1.876305
0.021878 1.876299
0.021676 1.876293
0.021475 1.876288
0.021277 1.876282
0.02108 1.876276
0.020885 1.876269
0.020691 1.876264
0.0205 1.876258
0.02031 1.876252
0.020122 1.876247
0.019936 1.876241
0.019751 1.876234
0.019569 1.876229
0.019388 1.876223
0.019208 1.876217
0.01903 1.886109
0.018854 1.886102
0.01868 1.886097
0.018507 1.886091
0.018335 1.886085
0.018166 1.886079
0.017998 1.886073
0.017831 1.886067
0.017666 1.886062
0.017503 1.886056
0.017341 1.88605
0.01718 1.886044
0.017021 1.886038
0.016864 1.886032
0.016708 1.886026
0.016553 1.88602
0.0164 1.886013
0.016248 1.886008
0.016098 1.886003
0.015949 1.885997
0.015801 1.885991
0.015655 1.885985
0.01551 1.895928
0.015366 1.895922
0.015224 1.895916
0.015083 1.89591
0.014944 1.895904
0.014805 1.895897
0.014668 1.895892
0.014533 1.895886
0.014398 1.89588
0.014265 1.895874
0.014133 1.895869
0.014002 1.895862
0.013872 1.895857
0.013744 1.895851
0.013617 1.895845
0.013491 1.895839
0.013366 1.895833
0.013242 1.895827
0.01312 1.895821
0.012998 1.895815
0.012878 1.90581
0.012759 1.905804
0.012641 1.905797
0.012524 1.905792
0.012408 1.905786
0.012293 1.90578
0.012179 1.905774
0.012066 1.905768
0.011955 1.905762
0.011844 1.905756
0.011735 1.90575
0.011626 1.905743
0.011518 1.905738
0.011412 1.905733
0.011306 1.905727
0.011201 1.905721
0.011098 1.905715
0.010995 1.905708
0.010893 1.905703
0.010793 1.905697
0.010693 1.915744
0.010594 1.915738
0.010496 1.915732
0.010398 1.915726
0.010302 1.915719
0.010207 1.915714
0.010112 1.915708
0.010019 1.915702
0.009926 1.915696
0.009834 1.91569
0.009743 1.915684
0.009653 1.915678
0.009564 1.915672
0.009475 1.915665
0.009388 1.91566
0.009301 1.925759
0.009215 1.925753
0.009129 1.925746
0.009045 1.925741
0.008961 1.925735
0.008878 1.925729
0.008796 1.925723
0.008715 1.925717
0.008634 1.925711
0.008554 1.925705
0.008475 1.925699
0.008396 1.925692
0.008319 1.925687
0.008242 1.935839
0.008165 1.935833
0.00809 1.935827
0.008015 1.935821
0.007941 1.935814
0.007867 1.935809
0.007795 1.935803
0.007722 1.935797
0.007651 1.935791
0.00758 1.935785
0.00751 1.94599
0.00744 1.945984
0.007372 1.945978
0.007303 1.945972
0.007236 1.945965
0.007169 1.94596
0.007102 1.945954
0.007037 1.945948
0.006972 1.956207
0.006907 1.956201
0.006843 1.956194
0.00678 1.956188
0.006717 1.956182
0.006655 1.956176
0.006593 1.966489
0.006532 1.966483
0.006472 1.966477
0.006412 1.96647
0.006353 1.966464
0.006294 1.966458
0.006235 1.976826
0.006178 1.976818
0.006121 1.976813
0.006064 1.976807
0.006008 1.976801
0.005952 1.987223
0.005897 1.987216
0.005843 1.98721
0.005788 1.987204
0.005735 1.987198
0.005682 1.997674
0.005629 1.997668
0.005577 1.997662
0.005525 2.008193
0.005474 2.008187
0.005424 2.018774
0.005373 2.018768
0.005373 2.029417
0.005324 2.040116
0.005324 2.050878
0.005373 2.061704
0.005423 2.06171
0.005474 2.072592
0.005525 2.072599
0.005577 2.083539
0.005629 2.083545
0.005681 2.083552
0.005735 2.083558
0.005788 2.083565
0.005842 2.083571
0.005897 2.083578
0.005952 2.083584
0.006007 2.083591
0.006064 2.094589
0.00612 2.094595
0.006177 2.094602
0.006235 2.094608
0.006293 2.094615
0.006352 2.105671
0.006411 2.105677
0.006471 2.105684
0.006532 2.10569
0.006593 2.105697
0.006654 2.116812
0.006716 2.116818
0.006779 2.116825
0.006842 2.116831
0.006906 2.116838
0.006971 2.116845
0.007036 2.116851
0.007102 2.116858
0.007168 2.128031
0.007235 2.128038
0.007303 2.128045
0.007371 2.128051
0.00744 2.128058
0.007509 2.128065
0.007579 2.128071
0.00765 2.139304
0.007722 2.139311
0.007794 2.139317
0.007866 2.139324
0.00794 2.139331
0.008014 2.139337
0.008089 2.139344
0.008165 2.139351
0.008241 2.139357
0.008318 2.139364
0.008395 2.139371
0.008474 2.150663
0.008553 2.15067
0.008633 2.150676
0.008713 2.150683
0.008795 2.15069
0.008877 2.150697
0.00896 2.150703
0.009044 2.15071
0.009128 2.150717
0.009213 2.150723
0.009299 2.15073
0.009386 2.150737
0.009474 2.162089
0.009562 2.162096
0.009652 2.162103
0.009742 2.162109
0.009833 2.162116
0.009925 2.162123
0.010018 2.162129
0.010111 2.162136
0.010206 2.162143
0.010301 2.16215
0.010397 2.162157
0.010494 2.162163
0.010592 2.16217
0.010691 2.162177
0.010791 2.162183
0.010892 2.173596
0.010994 2.173603
0.011096 2.17361
0.0112 2.173617
0.011305 2.173624
0.01141 2.17363
0.011517 2.173637
0.011624 2.173644
0.011733 2.173651
0.011842 2.173658
0.011953 2.173664
0.012065 2.173671
0.012177 2.173678
0.012291 2.173685
0.012406 2.173692
0.012522 2.185165
0.012639 2.185172
0.012757 2.185179
0.012876 2.185185
0.012996 2.185192
0.013118 2.185199
0.01324 2.185206
0.013364 2.185213
0.013489 2.18522
0.013615 2.185226
0.013742 2.185233
0.01387 2.18524
0.014 2.185247
0.014131 2.185254
0.014263 2.185261
0.014396 2.185267
0.01453 2.185274
0.014666 2.185281
0.014803 2.185288
0.014941 2.196823
0.015081 2.196829
0.015222 2.196836
0.015364 2.196842
0.015507 2.19685
0.015652 2.196857
0.015798 2.196864
0.015946 2.196871
0.016095 2.196877
0.016245 2.196884
0.016397 2.196891
0.01655 2.196898
0.016705 2.196905
0.016861 2.196912
0.017018 2.196919
0.017177 2.196926
0.017338 2.196931
0.0175 2.196939
0.017663 2.196946
0.017828 2.208542
0.017995 2.208549
0.018163 2.208556
0.018332 2.208563
0.018504 2.20857
0.018676 2.208577
0.018851 2.208584
0.019027 2.208591
0.019205 2.208598
0.019384 2.208604
0.019565 2.20861
0.019748 2.208618
0.019932 2.208625
0.020119 2.208632
0.020307 2.208639
0.020496 2.208645
0.020688 2.208653
0.020881 2.20866
0.021076 2.208667
0.021273 2.208673
0.021471 2.220332
0.021672 2.220338
0.021874 2.220345
0.022079 2.220352
0.022285 2.220359
0.022493 2.220366
0.022703 2.220373
0.022915 2.22038
0.023129 2.220387
0.023345 2.220394
0.023564 2.220401
0.023784 2.220408
0.024006 2.220415
0.02423 2.220422
0.024456 2.220429
0.024685 2.220436
0.024915 2.220443
0.025148 2.22045
0.025383 2.220456
0.02562 2.220463
0.025859 2.22047
0.026101 2.232191
0.026345 2.232198
0.026591 2.232205
0.026839 2.232212
0.02709 2.232219
0.027343 2.232226
0.027598 2.232233
0.027856 2.232239
0.028116 2.232246
0.028379 2.232253
0.028644 2.23226
0.028912 2.232267
0.029182 2.232274
0.029454 2.232281
0.029729 2.232288
0.030007 2.232295
0.030287 2.232302
0.03057 2.232308
0.030856 2.232316
0.031144 2.232323
0.031435 2.244106
0.031728 2.244113
0.032025 2.24412
0.032324 2.244127
0.032626 2.244134
0.032931 2.244141
0.033238 2.244148
0.033549 2.244155
0.033862 2.244162
0.034179 2.244169
0.034498 2.244176
0.03482 2.244183
0.035145 2.24419
0.035474 2.244197
0.035805 2.244204
0.036139 2.244211
0.036477 2.244218
0.036818 2.244225
0.037162 2.244232
0.037509 2.244239
0.037859 2.244246
0.038213 2.256092
0.038569 2.256099
0.03893 2.256106
0.039293 2.256113
0.03966 2.25612
0.040031 2.256127
0.040405 2.256135
0.040782 2.256142
0.041163 2.26805
0.041548 2.268057
0.041936 2.268064
0.042327 2.268071
0.042723 2.268079
0.043122 2.268086
0.043525 2.268093
0.043931 2.2681
0.044342 2.268107
0.044756 2.268114
0.045174 2.268121
0.045596 2.268128
0.046022 2.268135
0.046452 2.268142
0.046885 2.268149
0.047323 2.268157
0.047766 2.268164
0.048212 2.268171
0.048662 2.268178
0.049117 2.268185
0.049575 2.268192
0.050038 2.268199
0.050506 2.268206
0.050978 2.268213
0.051454 2.26822
0.051935 2.268227
0.05242 2.268235
0.052909 2.268241
0.053404 2.268249
0.053902 2.268256
0.054406 2.268263
0.054914 2.26827
0.055427 2.268276
0.055945 2.268284
0.056467 2.268291
0.056995 2.268298
0.057527 2.268305
0.058065 2.268313
0.058607 2.26832
0.059154 2.268327
0.059707 2.268334
0.060265 2.268341
0.060828 2.268348
0.061396 2.268355
0.061969 2.268362
0.062548 2.268369
0.063133 2.268376
0.063722 2.268383
0.064317 2.268391
0.064918 2.268398
0.065525 2.268405
0.066137 2.268412
0.066755 2.268419
0.067378 2.268426
0.068007 2.268433
0.068643 2.26844
0.069284 2.268447
0.069931 2.268454
0.070584 2.280428
0.071243 2.280435
0.071909 2.280442
0.07258 2.280449
0.073258 2.280456
0.073943 2.280464
0.074633 2.292501
0.07533 2.292508
0.076034 2.292515
0.076744 2.292522
0.077461 2.292529
0.078185 2.292536
0.078915 2.292544
0.079652 2.292551
0.080396 2.292558
0.081147 2.292565
0.081905 2.292572
0.08267 2.292579
0.083442 2.292587
0.084222 2.292594
0.085009 2.2926
0.085803 2.292608
0.086604 2.292615
0.087413 2.292622
0.08823 2.29263
0.089054 2.292637
0.089886 2.292644
0.090725 2.292651
0.091573 2.292657
0.092428 2.292665
0.093292 2.292673
0.094163 2.29268
0.095043 2.292687
0.09593 2.292694
0.096826 2.292701
0.09773 2.304803
0.098643 2.30481
0.099565 2.304817
0.100495 2.304824
0.101433 2.31699
0.10238 2.316997
0.103337 2.317004
0.104302 2.317012
0.105276 2.317019
0.10626 2.317026
0.107252 2.317033
0.108253 2.329263
0.109265 2.32927
0.110285 2.329278
0.111316 2.329285
0.112355 2.329293
0.113405 2.3293
0.114464 2.329307
0.115533 2.341602
0.116612 2.341609
0.117701 2.341617
0.1188 2.353976
0.11991 2.353984
0.12103 2.353991
0.12216 2.353998
0.123301 2.366423
0.124453 2.366431
0.125615 2.366438
0.126788 2.366446
0.127972 2.378936
0.129167 2.378944
0.130374 2.378951
0.131592 2.378959
0.13282 2.391516
0.134061 2.391523
0.135311 2.404146
0.136576 2.404154
0.137852 2.404161
0.139139 2.416851
0.140439 2.416859
0.139138 2.4296
0.137851 2.429593
0.136574 2.442402
0.13531 2.442394
0.134057 2.45527
0.132816 2.455263
0.131587 2.455255
0.13037 2.455247
0.129163 2.455239
0.127968 2.455232
0.126783 2.455224
0.12561 2.455217
0.124448 2.455209
0.123296 2.455201
0.122155 2.455194
0.121024 2.455185
0.119904 2.46813
0.118794 2.468122
0.117694 2.468114
0.116605 2.468107
0.115526 2.468099
0.114457 2.468091
0.113398 2.468084
0.112348 2.468076
0.111308 2.468068
0.110278 2.46806
0.109258 2.468053
0.108247 2.468045
0.107245 2.468037
0.106252 2.468029
0.105269 2.468022
0.104295 2.468014
0.10333 2.468006
0.102373 2.467999
0.101426 2.467991
0.100487 2.467983
0.099557 2.467975
0.098636 2.467968
0.097722 2.480979
0.096818 2.480971
0.095922 2.480963
0.095034 2.480956
0.094155 2.480948
0.093283 2.48094
0.09242 2.480932
0.091565 2.480925
0.090717 2.480917
0.089878 2.480909
0.089046 2.480901
0.088222 2.480894
0.087406 2.480886
0.086597 2.480878
0.085795 2.48087
0.085001 2.480863
0.084215 2.480855
0.083435 2.480847
0.082663 2.480839
0.081898 2.480832
0.08114 2.493911
0.080389 2.493903
0.079645 2.493895
0.078908 2.493887
0.078177 2.493879
0.077454 2.493872
0.076737 2.493864
0.076027 2.493856
0.075323 2.493848
0.074626 2.49384
0.073936 2.493833
0.073251 2.493825
0.072573 2.506972
0.071901 2.506964
0.071236 2.506956
0.070577 2.506949
0.069923 2.50694
0.069276 2.506933
0.068635 2.506924
0.068 2.506917
0.067371 2.50691
0.066747 2.506902
0.06613 2.506894
0.065518 2.506886
0.064911 2.506878
0.06431 2.50687
0.063715 2.506863
0.063126 2.506855
0.062541 2.520071
0.061962 2.520063
0.061389 2.520055
0.060821 2.520047
0.060258 2.520039
0.0597 2.520032
0.059148 2.520024
0.0586 2.520016
0.058058 2.520008
0.057521 2.52
0.056988 2.519992
0.056461 2.519984
0.055938 2.519976
0.05542 2.533262
0.054907 2.533254
0.054399 2.533246
0.053896 2.533237
0.053397 2.53323
0.052903 2.533221
0.052413 2.533214
0.051928 2.533205
0.051448 2.533198
0.050972 2.53319
0.0505 2.533183
0.050032 2.533175
0.049569 2.533167
0.049111 2.533159
0.048656 2.533151
0.048206 2.533143
0.04776 2.533135
0.047318 2.533127
0.04688 2.533119
0.046446 2.533111
0.046016 2.533103
0.04559 2.533094
0.045168 2.533087
0.04475 2.53308
0.044336 2.533072
0.043926 2.533064
0.043519 2.533056
0.043117 2.533048
0.042718 2.53304
0.042322 2.533032
0.041931 2.533024
0.041542 2.533016
0.041158 2.54637
0.040777 2.546362
0.0404 2.546354
0.040026 2.546346
0.039655 2.546338
0.039288 2.546331
0.038925 2.546323
0.038564 2.546314
0.038207 2.546307
0.037854 2.546298
0.037504 2.546291
0.037156 2.546282
0.036813 2.546275
0.036472 2.546266
0.036134 2.546259
0.0358 2.546251
0.035469 2.546243
0.03514 2.546235
0.034815 2.546227
0.034493 2.546219
0.034174 2.546211
0.033858 2.546203
0.033544 2.546195
0.033234 2.546187
0.032926 2.546179
0.032621 2.546171
0.03232 2.546163
0.03202 2.546155
0.031724 2.546147
0.031431 2.546139
0.03114 2.546132
0.030851 2.546124
0.030566 2.546116
0.030283 2.546108
0.030003 2.5461
0.029725 2.546092
0.02945 2.546084
0.029177 2.546076
0.028907 2.546068
0.02864 2.54606
0.028375 2.546052
0.028112 2.546044
0.027852 2.546036
0.027594 2.546028
0.027339 2.54602
0.027086 2.546012
0.026835 2.546004
0.026587 2.545996
0.026341 2.559419
0.026097 2.55941
0.025855 2.559403
0.025616 2.559394
0.025379 2.559387
0.025144 2.559378
0.024912 2.559371
0.024681 2.559363
0.024453 2.559355
0.024226 2.559347
0.024002 2.559339
0.02378 2.559331
0.02356 2.559323
0.023342 2.559315
0.023126 2.559307
0.022912 2.559299
0.0227 2.559291
0.02249 2.559283
0.022282 2.559275
0.022075 2.559267
0.021871 2.572759
0.021668 2.572751
0.021468 2.572743
0.021269 2.572735
0.021072 2.572727
0.020877 2.572719
0.020684 2.572711
0.020493 2.572703
0.020303 2.572695
0.020115 2.572687
0.019929 2.572679
0.019745 2.572671
0.019562 2.572663
0.019381 2.572655
0.019201 2.572647
0.019024 2.572639
0.018848 2.572631
0.018673 2.572623
0.0185 2.572614
0.018329 2.572606
0.01816 2.572598
0.017992 2.57259
0.017825 2.572582
0.01766 2.572574
0.017497 2.572566
0.017335 2.572558
0.017174 2.57255
0.017015 2.572541
0.016858 2.572534
0.016702 2.572525
0.016547 2.572518
0.016394 2.572509
0.016242 2.572502
0.016092 2.572493
0.015943 2.572486
0.015796 2.586048
0.015649 2.58604
0.015505 2.586031
0.015361 2.586024
0.015219 2.586015
0.015078 2.586008
0.014939 2.585999
0.0148 2.585991
0.014663 2.585983
0.014528 2.585975
0.014393 2.585967
0.01426 2.585959
0.014128 2.585951
0.013997 2.585942
0.013868 2.585935
0.013739 2.585926
0.013612 2.585919
0.013486 2.58591
0.013361 2.585902
0.013238 2.585894
0.013115 2.585886
0.012994 2.585878
0.012874 2.58587
0.012754 2.585862
0.012636 2.585853
0.012519 2.585846
0.012404 2.585837
0.012289 2.58583
0.012175 2.585821
0.012062 2.585814
0.011951 2.585805
0.01184 2.585797
0.011731 2.585789
0.011622 2.58578
0.011514 2.599413
0.011408 2.599405
0.011302 2.599397
0.011198 2.599389
0.011094 2.599381
0.010991 2.599373
0.01089 2.599365
0.010789 2.599357
0.010689 2.599348
0.01059 2.59934
0.010492 2.599332
0.010395 2.599324
0.010299 2.599316
0.010203 2.599308
0.010109 2.5993
0.010016 2.599292
0.009923 2.599283
0.009831 2.599275
0.00974 2.599267
0.00965 2.599259
0.009561 2.599251
0.009472 2.599243
0.009384 2.599235
0.009298 2.599227
0.009212 2.599218
0.009126 2.59921
0.009042 2.599202
0.008958 2.612905
0.008875 2.612897
0.008793 2.612889
0.008712 2.612881
0.008631 2.612873
0.008551 2.612864
0.008472 2.612855
0.008394 2.612848
0.008316 2.61284
0.008239 2.612832
0.008163 2.612824
0.008087 2.612814
0.008012 2.612807
0.007938 2.612798
0.007865 2.612791
0.007792 2.612782
0.00772 2.612775
0.007648 2.612766
0.007578 2.626541
0.007507 2.626533
0.007438 2.626525
0.007369 2.626516
0.007301 2.626507
0.007233 2.6265
0.007166 2.626492
0.0071 2.626483
0.007034 2.626475
0.006969 2.626466
0.006905 2.626459
0.006841 2.62645
0.006778 2.626442
0.006715 2.626434
0.006653 2.64028
0.006591 2.640273
0.00653 2.640264
0.00647 2.640256
0.00641 2.640248
0.00635 2.64024
0.006292 2.654159
0.006233 2.654151
0.006176 2.654142
0.006119 2.654134
0.006062 2.654126
0.006006 2.668118
0.00595 2.66811
0.005895 2.682176
0.005841 2.682167
0.005787 2.696308
0.005733 2.6963
0.005786 2.710532
0.005841 2.71054
0.005895 2.724847
0.00595 2.724856
0.006006 2.739237
0.006062 2.739247
0.006118 2.739256
0.006176 2.739264
0.006233 2.739272
0.006291 2.739281
0.00635 2.73929
0.00641 2.739298
0.006469 2.739307
0.00653 2.739315
0.006591 2.739323
0.006652 2.753782
0.006714 2.753792
0.006777 2.7538
0.006841 2.753809
0.006904 2.753817
0.006969 2.753826
0.007034 2.753835
0.0071 2.753843
0.007166 2.753852
0.007233 2.75386
0.007301 2.753869
0.007369 2.753878
0.007438 2.768414
0.007507 2.768422
0.007577 2.768431
0.007648 2.768438
0.007719 2.768448
0.007791 2.768457
0.007864 2.768465
0.007938 2.768473
0.008012 2.768483
0.008087 2.768491
0.008162 2.7685
0.008238 2.783113
0.008315 2.783122
0.008393 2.783129
0.008471 2.783139
0.008551 2.783148
0.00863 2.783157
0.008711 2.783165
0.008792 2.783174
0.008875 2.783183
0.008957 2.783191
0.009041 2.7832
0.009126 2.783209
0.009211 2.783217
0.009297 2.783226
0.009384 2.783235
0.009471 2.783244
0.00956 2.783252
0.009649 2.783261
0.009739 2.78327
0.00983 2.783278
0.009922 2.783287
0.010015 2.783296
0.010108 2.783304
0.010203 2.783313
0.010298 2.783322
0.010394 2.798013
0.010491 2.798022
0.010589 2.798031
0.010688 2.798039
0.010788 2.798048
0.010889 2.798057
0.010991 2.798066
0.011093 2.798074
0.011197 2.798083
0.011301 2.798092
0.011407 2.798101
0.011514 2.798109
0.011621 2.798118
0.01173 2.798127
0.011839 2.798136
0.01195 2.798144
0.012061 2.798153
0.012174 2.798162
0.012288 2.798171
0.012403 2.798179
0.012518 2.798188
0.012635 2.798197
0.012753 2.798205
0.012872 2.798214
0.012993 2.798223
0.013114 2.812993
0.013237 2.813002
0.01336 2.81301
0.013485 2.813019
0.013611 2.813028
0.013738 2.813037
0.013866 2.813046
0.013996 2.813054
0.014127 2.813063
0.014259 2.813072
0.014392 2.813081
0.014526 2.813089
0.014662 2.813098
0.014799 2.813107
0.014937 2.813116
0.015077 2.813124
0.015218 2.813134
0.01536 2.813142
0.015503 2.813151
0.015648 2.813159
0.015794 2.813169
0.015942 2.813178
0.016091 2.813186
0.016241 2.813195
0.016393 2.813204
0.016546 2.813213
0.0167 2.813221
0.016856 2.81323
0.017014 2.813239
0.017173 2.813248
0.017333 2.813257
0.017495 2.813265
0.017658 2.813274
0.017823 2.813283
0.01799 2.828132
0.018158 2.828141
0.018327 2.82815
0.018499 2.828158
0.018671 2.828168
0.018846 2.828177
0.019022 2.828185
0.019199 2.828193
0.019379 2.828203
0.01956 2.828212
0.019743 2.828221
0.019927 2.82823
0.020113 2.828239
0.020301 2.828247
0.020491 2.828256
0.020682 2.828265
0.020875 2.828274
0.02107 2.828282
0.021267 2.828292
0.021466 2.8283
0.021666 2.828309
0.021869 2.828317
0.022073 2.828327
0.022279 2.828336
0.022487 2.828345
0.022697 2.828353
0.022909 2.828362
0.023123 2.828371
0.023339 2.82838
0.023557 2.828389
0.023777 2.828398
0.023999 2.828406
0.024224 2.828415
0.02445 2.828424
0.024678 2.828433
0.024909 2.843362
0.025141 2.84337
0.025376 2.84338
0.025613 2.843389
0.025852 2.843398
0.026094 2.843407
0.026338 2.843416
0.026584 2.843424
0.026832 2.843433
0.027083 2.843442
0.027336 2.843451
0.027591 2.843459
0.027849 2.843469
0.028109 2.843478
0.028371 2.843487
0.028636 2.843496
0.028904 2.843505
0.029174 2.843513
0.029446 2.843522
0.029722 2.843531
0.029999 2.84354
0.030279 2.843548
0.030562 2.858558
0.030848 2.858566
0.031136 2.858576
0.031427 2.858585
0.03172 2.858594
0.032016 2.858603
0.032315 2.858612
0.032617 2.85862
0.032922 2.85863
0.03323 2.858639
0.03354 2.858647
0.033853 2.858655
0.034169 2.858665
0.034489 2.858674
0.034811 2.858683
0.035136 2.858692
0.035464 2.858701
0.035795 2.858709
0.03613 2.858719
0.036467 2.858728
0.036808 2.858737
0.037152 2.858746
0.037499 2.858755
0.037849 2.858763
0.038203 2.858773
0.03856 2.858782
0.03892 2.85879
0.039283 2.858798
0.03965 2.858808
0.040021 2.858817
0.040394 2.858826
0.040772 2.858835
0.041153 2.858844
0.041537 2.858852
0.041925 2.858862
0.042317 2.858871
0.042712 2.85888
0.043111 2.858889
0.043514 2.858898
0.04392 2.858906
0.04433 2.858916
0.044744 2.858925
0.045162 2.858933
0.045584 2.874024
0.04601 2.874032
0.046439 2.889203
0.046873 2.889212
0.047311 2.889221
0.047753 2.88923
0.048199 2.889239
0.048649 2.889248
0.049104 2.889257
0.049562 2.889266
0.050025 2.889275
0.050493 2.889284
0.050964 2.889293
0.05144 2.889302
0.051921 2.889311
0.052406 2.88932
0.052895 2.889329
0.053389 2.889338
0.053888 2.889346
0.054391 2.889356
0.0549 2.889365
0.055412 2.889374
0.05593 2.889383
0.056452 2.889392
0.05698 2.8894
0.057512 2.889411
0.058049 2.889419
0.058591 2.889429
0.059139 2.889438
0.059691 2.889447
0.060249 2.889456
0.060812 2.889465
0.06138 2.889473
0.061953 2.889483
0.062532 2.889492
0.063116 2.889501
0.063705 2.88951
0.0643 2.889519
0.064901 2.889527
0.065507 2.889537
0.066119 2.889546
0.066737 2.889555
0.06736 2.889564
0.067989 2.889573
0.068625 2.889581
0.069266 2.889591
0.069913 2.8896
0.070566 2.889609
0.071225 2.889618
0.07189 2.889627
0.072561 2.90488
0.073239 2.920212
0.073923 2.920221
0.074613 2.920231
0.07531 2.92024
0.076014 2.920249
0.076724 2.920258
0.07744 2.920267
0.078164 2.920275
0.078894 2.920285
0.079631 2.920294
0.080375 2.920304
0.081126 2.920313
0.081883 2.920322
0.082648 2.920331
0.08342 2.92034
0.0842 2.920348
0.084986 2.920359
0.08578 2.920367
0.086581 2.920377
0.08739 2.920386
0.088206 2.920395
0.08903 2.920404
0.089862 2.920413
0.090701 2.920421
0.091549 2.920432
0.092404 2.92044
0.093267 2.92045
0.094138 2.920459
0.095017 2.920468
0.095905 2.920477
0.096801 2.920486
0.097705 2.920494
0.098618 2.920505
0.099539 2.920514
0.100469 2.920523
0.101407 2.920532
0.102354 2.920541
0.103311 2.92055
0.104276 2.920559
0.10525 2.920569
0.106233 2.920578
0.107225 2.920587
0.108227 2.920596
0.109238 2.920605
0.110258 2.920614
0.111288 2.920623
0.112328 2.920632
0.113377 2.920642
0.114436 2.92065
0.115505 2.92066
0.116584 2.920669
0.117673 2.920678
0.118772 2.920687
0.119881 2.920696
0.121001 2.920704
0.122131 2.936122
0.123272 2.936131
0.124423 2.93614
0.125585 2.936149
0.126759 2.936159
0.127943 2.936168
0.129138 2.936177
0.130344 2.936186
0.131562 2.936195
0.13279 2.936204
0.134031 2.936214
0.135283 2.936223
0.136547 2.936232
0.137821 2.95173
0.139109 2.95174
0.140408 2.951749
0.14172 2.951757
0.143043 2.967338
0.144379 2.967347
0.145727 2.967357
0.147088 2.983019
0.148462 2.983029
0.149848 2.998774
0.149847 3.014593
0.151246 3.030505
0.151245 3.046491
0.151244 3.062562
0.151243 3.078718
0.149843 3.094949
0.148455 3.111265
0.147079 3.127668
0.145719 3.127658
0.144371 3.127648
0.143034 3.127639
0.141711 3.127629
0.140399 3.127619
0.1391 3.127609
0.137813 3.127599
0.136537 3.12759
0.135274 3.12758
0.134022 3.12757
0.132781 3.12756
0.131552 3.127551
0.130335 3.127541
0.129129 3.127531
0.127934 3.127521
0.12675 3.127511
0.125577 3.127502
0.124415 3.127492
0.123263 3.127482
0.122122 3.127472
0.120992 3.127463
0.119872 3.127453
0.118763 3.127443
0.117664 3.127433
0.116575 3.127423
0.115496 3.127414
0.114427 3.127404
0.113368 3.127394
0.112319 3.127384
0.11128 3.127375
0.11025 3.127365
0.109229 3.143852
0.108218 3.143842
0.107216 3.143832
0.106224 3.143823
0.105241 3.143813
0.104267 3.143803
0.103302 3.143793
0.102346 3.143783
0.101399 3.143774
0.100461 3.143764
0.09953 3.160338
0.098609 3.160328
0.097697 3.160318
0.096792 3.160308
0.095897 3.160298
0.095009 3.160288
0.09413 3.160279
0.093259 3.160269
0.092396 3.160259
0.091541 3.160249
0.090693 3.160239
0.089854 3.160229
0.089023 3.160219
0.088199 3.160209
0.087382 3.160199
0.086573 3.17686
0.085772 3.17685
0.084978 3.176839
0.084192 3.17683
0.083413 3.17682
0.082641 3.17681
0.081876 3.176801
0.081118 3.176791
0.080367 3.176781
0.079624 3.176771
0.078887 3.176761
0.078157 3.17675
0.077433 3.176741
0.076717 3.176731
0.076007 3.176721
0.075303 3.176711
0.074606 3.176701
0.073916 3.176691
0.073232 3.176681
0.072554 3.176671
0.071883 3.176661
0.071217 3.176652
0.070558 3.176642
0.069904 3.176632
0.069258 3.176622
0.068617 3.193369
0.067982 3.193359
0.067353 3.193349
0.06673 3.193339
0.066112 3.193329
0.0655 3.193319
0.064894 3.193309
0.064293 3.193299
0.063698 3.193289
0.063109 3.210124
0.062524 3.210114
0.061946 3.210104
0.061373 3.210094
0.060805 3.210084
0.060242 3.210074
0.059684 3.210064
0.059132 3.210054
0.058584 3.210044
0.058042 3.226967
0.057505 3.226957
0.056973 3.226947
0.056446 3.226937
0.055923 3.226926
0.055406 3.226917
0.054893 3.226907
0.054385 3.226897
0.053882 3.226887
0.053383 3.226876
0.052889 3.226866
0.052399 3.226856
0.051914 3.226846
0.051434 3.243858
0.050958 3.243848
0.050486 3.243838
0.050019 3.243828
0.049556 3.243818
0.049097 3.243808
0.048643 3.243797
0.048193 3.243787
0.047747 3.243777
0.047305 3.243767
0.046867 3.243757
0.046433 3.260858
0.046003 3.260848
0.045578 3.260838
0.045156 3.260827
0.044738 3.260817
0.044324 3.260807
0.043914 3.260797
0.043507 3.260787
0.043105 3.260776
0.042706 3.260766
0.042311 3.260756
0.041919 3.260746
0.041531 3.277937
0.041146 3.277926
0.040766 3.277916
0.040388 3.277906
0.040015 3.277896
0.039644 3.295177
0.039277 3.295166
0.038914 3.295156
0.038554 3.295146
0.038197 3.295135
0.037843 3.295125
0.037493 3.295115
0.037146 3.295105
0.036802 3.295094
0.036462 3.295084
0.036124 3.295074
0.03579 3.295063
0.035459 3.295053
0.03513 3.312425
0.034805 3.312414
0.034483 3.312404
0.034164 3.312394
0.033848 3.312383
0.033535 3.312373
0.033224 3.312362
0.032917 3.312352
0.032612 3.312342
0.03231 3.312331
0.032011 3.312321
0.031715 3.312311
0.031421 3.3123
0.03113 3.329763
0.030842 3.329752
0.030557 3.329742
0.030274 3.329732
0.029994 3.329721
0.029716 3.329711
0.029441 3.329699
0.029169 3.32969
0.028899 3.32968
0.028632 3.329669
0.028367 3.329659
0.028104 3.329648
0.027844 3.329638
0.027585 3.347192
0.027331 3.347181
0.027078 3.347171
0.026827 3.34716
0.026579 3.34715
0.026333 3.347138
0.026089 3.347129
0.025848 3.347119
0.025609 3.347108
0.025372 3.347098
0.025137 3.347087
0.024904 3.347077
0.024674 3.364723
0.024445 3.364712
0.024219 3.364702
0.023995 3.364691
0.023773 3.36468
0.023553 3.36467
0.023335 3.364659
0.023119 3.364649
0.022905 3.364638
0.022693 3.382377
0.022483 3.382366
0.022275 3.382356
0.022069 3.382345
0.021864 3.382334
0.021662 3.382324
0.021462 3.382313
0.021263 3.382303
0.021066 3.400134
0.020871 3.400124
0.020678 3.400113
0.020487 3.400102
0.020297 3.400092
0.020109 3.418017
0.019923 3.418006
0.019738 3.417996
0.019556 3.417985
0.019556 3.436016
0.019556 3.454141
0.019738 3.472373
0.019738 3.49069
0.019922 3.490701
0.020108 3.490712
0.020296 3.490723
0.020486 3.490734
0.020677 3.490745
0.02087 3.490756
0.021065 3.490767
0.021262 3.490778
0.021461 3.490789
0.021661 3.490799
0.021864 3.49081
0.022068 3.509236
0.022274 3.509247
0.022482 3.509258
0.022692 3.509269
0.022904 3.50928
0.023118 3.509291
0.023334 3.509302
0.023552 3.527825
0.023772 3.527836
0.023994 3.527847
0.024218 3.527858
0.024444 3.527869
0.024672 3.52788
0.024903 3.52789
0.025135 3.527902
0.02537 3.546523
0.025607 3.546535
0.025846 3.546546
0.026088 3.546557
0.026331 3.546568
0.026577 3.546579
0.026826 3.54659
0.027076 3.546601
0.027329 3.546612
0.027584 3.546622
0.027842 3.546634
0.028102 3.546645
0.028365 3.546656
0.02863 3.546668
0.028897 3.546679
0.029167 3.565399
0.029439 3.56541
0.029714 3.565421
0.029992 3.565433
0.030272 3.565443
0.030555 3.565455
0.03084 3.565466
0.031128 3.565477
0.031419 3.565488
0.031712 3.565499
0.032009 3.56551
0.032308 3.565522
0.032608 3.565532
0.032913 3.565544
0.033221 3.565555
0.033532 3.584375
0.033845 3.584385
0.034161 3.584398
0.03448 3.584409
0.034802 3.58442
0.035127 3.584431
0.035455 3.584442
0.035787 3.584454
0.036121 3.584465
0.036458 3.584476
0.036799 3.584487
0.037143 3.584498
0.03749 3.584509
0.03784 3.584521
0.038193 3.584532
0.03855 3.584543
0.03891 3.584555
0.039274 3.584566
0.03964 3.584577
0.040011 3.584588
0.040384 3.584598
0.040762 3.584611
0.041142 3.584622
0.041527 3.584633
0.041914 3.603554
0.042306 3.603565
0.042701 3.603576
0.0431 3.603588
0.043503 3.603599
0.043909 3.60361
0.044319 3.603621
0.044733 3.603632
0.045151 3.603644
0.045573 3.603655
0.045998 3.603666
0.046428 3.603678
0.046862 3.603689
0.047299 3.6037
0.047741 3.603711
0.048187 3.603723
0.048637 3.603734
0.049092 3.603745
0.04955 3.603756
0.050013 3.603768
0.05048 3.603778
0.050952 3.60379
0.051428 3.603802
0.051908 3.603813
0.052393 3.603824
0.052882 3.603835
0.053376 3.603847
0.053875 3.603858
0.054378 3.603869
0.054886 3.60388
0.055399 3.603892
0.055916 3.603902
0.056439 3.603914
0.056966 3.603925
0.057498 3.603937
0.058035 3.603948
0.058577 3.603959
0.059124 3.603971
0.059677 3.603982
0.060234 3.603993
0.060797 3.604004
0.061364 3.623027
0.061938 3.623039
0.062516 3.62305
0.0631 3.62306
0.06369 3.623073
0.064285 3.623084
0.064885 3.623095
0.065491 3.623107
0.066103 3.623117
0.06672 3.623129
0.067344 3.623141
0.067972 3.642265
0.068607 3.642275
0.069248 3.642287
0.069895 3.642299
0.070548 3.64231
0.071207 3.642322
0.071872 3.642333
0.072543 3.642344
0.073221 3.642356
0.073904 3.642367
0.074595 3.642379
0.075292 3.64239
0.075995 3.642401
0.076705 3.642413
0.077422 3.642424
0.078145 3.642434
0.078875 3.642447
0.079612 3.642458
0.080355 3.642469
0.081106 3.642481
0.081864 3.642491
0.082628 3.642504
0.0834 3.642515
0.084179 3.642526
0.084965 3.642538
0.085759 3.642549
0.08656 3.642561
0.087368 3.661787
0.088184 3.661799
0.089008 3.66181
0.08984 3.661822
0.090679 3.661833
0.091526 3.661843
0.092381 3.661856
0.093243 3.661867
0.094115 3.661878
0.094994 3.66189
0.09588 3.661902
0.096777 3.661913
0.097681 3.661925
0.098593 3.661935
0.099514 3.661947
0.100444 3.661959
0.101382 3.66197
0.102329 3.661982
0.103285 3.661993
0.10425 3.662005
0.105224 3.662016
0.106206 3.662027
0.107199 3.662039
0.1082 3.662051
0.109211 3.662062
0.110231 3.662073
0.11126 3.662085
0.1123 3.662096
0.113349 3.662108
0.114408 3.662119
0.115476 3.662131
0.116555 3.662142
0.117644 3.662154
0.118743 3.662165
0.119852 3.662176
0.120971 3.662188
0.122101 3.662199
0.123242 3.662211
0.124393 3.662221
0.125555 3.662234
0.126728 3.662245
0.127912 3.662256
0.129106 3.662268
0.130312 3.66228
0.13153 3.662291
0.132758 3.662302
0.133998 3.662313
0.13525 3.662325
0.136514 3.662337
0.137789 3.662348
0.139076 3.66236
0.140375 3.662371
0.141686 3.662383
0.14301 3.662394
0.144346 3.662405
0.145694 3.662417
0.147055 3.662428
0.148429 3.66244
0.149814 3.681771
0.151214 3.681783
0.152626 3.681794
0.154052 3.681806
0.155491 3.681817
0.156943 3.681829
0.158409 3.68184
0.159889 3.681852
0.161383 3.681862
0.16289 3.681875
0.164412 3.681886
0.165947 3.681898
0.167497 3.681909
0.169062 3.681921
0.170641 3.681932
0.172235 3.681944
0.173843 3.681954
0.175468 3.681967
0.177106 3.701401
0.17876 3.701413
0.18043 3.701425
0.182116 3.701436
0.183817 3.701448
0.185534 3.701459
0.187267 3.701471
0.189016 3.701482
0.190782 3.701493
0.192563 3.721032
0.194362 3.721042
0.196177 3.721055
0.19801 3.721067
0.199859 3.721077
0.201726 3.72109
0.203611 3.721101
0.205513 3.721113
0.207432 3.721125
0.20937 3.721136
0.211326 3.721148
0.2133 3.72116
0.215292 3.721171
0.217303 3.721183
0.219333 3.721194
0.221381 3.740836
0.223448 3.740848
0.225536 3.740859
0.227641 3.760605
0.229768 3.760616
0.231913 3.780466
0.234077 3.800421
0.236264 3.800433
0.236263 3.820479
0.238468 3.840646
0.23626 3.860894
0.236259 3.88126
0.236257 3.901735
0.234069 3.922305
0.231903 3.922293
0.229757 3.922281
0.227631 3.922267
0.225524 3.922256
0.223437 3.922244
0.221369 3.922232
0.21932 3.922219
0.217291 3.922207
0.21528 3.922194
0.213287 3.922181
0.211313 3.92217
0.209358 3.922158
0.20742 3.922146
0.205501 3.922133
0.203599 3.922121
0.201715 3.922108
0.199848 3.922097
0.197998 3.922084
0.196166 3.922072
0.19435 3.92206
0.192552 3.922048
0.19077 3.922035
0.189004 3.922023
0.187255 3.922011
0.185522 3.921999
0.183805 3.921986
0.182104 3.921974
0.180419 3.921962
0.178749 3.92195
0.177095 3.921937
0.175456 3.921924
0.173832 3.921913
0.172223 3.9219
0.17063 3.921888
0.16905 3.921876
0.167486 3.921864
0.165936 3.921851
0.1644 3.921838
0.162879 3.921827
0.161371 3.921815
0.159878 3.921802
0.158398 3.92179
0.156932 3.921778
0.15548 3.921765
0.154041 3.921753
0.152616 3.921741
0.151203 3.921729
0.149804 3.921717
0.148417 3.921704
0.147044 3.921692
0.145683 3.92168
0.144334 3.921668
0.142999 3.921655
0.141676 3.921643
0.140364 3.921631
0.139065 3.921619
0.137778 3.921606
0.136503 3.921594
0.135238 3.942269
0.133988 3.942256
0.132748 3.942244
0.131519 3.942232
0.130302 3.942219
0.129096 3.942207
0.127901 3.942195
0.126717 3.942181
0.125545 3.94217
0.124383 3.942158
0.123232 3.942145
0.122091 3.942133
0.120962 3.942121
0.119841 3.962904
0.118732 3.962891
0.117633 3.962879
0.116545 3.962867
0.115466 3.962854
0.114398 3.962842
0.113339 3.962829
0.11229 3.962817
0.111251 3.962805
0.110221 3.962791
0.109201 3.96278
0.108191 3.962767
0.107189 3.962755
0.106197 3.962743
0.105214 3.96273
0.104241 3.962718
0.103276 3.962705
0.10232 3.962693
0.101373 3.962681
0.100435 3.983572
0.099505 3.98356
0.098584 3.983547
0.097672 3.983535
0.096768 3.983522
0.095872 3.983509
0.094985 3.983496
0.094106 3.983485
0.093235 3.983472
0.092372 3.98346
0.091517 3.983448
0.09067 3.983435
0.089831 3.983423
0.089 3.98341
0.088176 3.983398
0.087359 3.983385
0.086552 3.983373
0.085751 3.98336
0.084957 4.004361
0.08417 4.004348
0.083391 4.004336
0.08262 4.004323
0.081855 4.004311
0.081098 4.004298
0.080347 4.004286
0.079603 4.004273
0.078867 4.004261
0.078137 4.004248
0.077414 4.004236
0.076697 4.004223
0.075987 4.00421
0.075284 4.004198
0.074588 4.004185
0.073897 4.025296
0.073213 4.025283
0.072535 4.02527
0.071864 4.025258
0.071199 4.025245
0.07054 4.025233
0.069887 4.02522
0.06924 4.025207
0.0686 4.025195
0.067965 4.025182
0.067336 4.02517
0.066713 4.025157
0.066095 4.025145
0.065484 4.025132
0.064878 4.025119
0.064277 4.04634
0.063682 4.046327
0.063093 4.046315
0.062509 4.046302
0.06193 4.046289
0.061357 4.046277
0.060789 4.046264
0.060227 4.046251
0.059669 4.046239
0.059117 4.067571
0.05857 4.067558
0.058028 4.067545
0.05749 4.067532
0.056958 4.06752
0.056431 4.067507
0.055909 4.067494
0.055391 4.067482
0.054879 4.088925
0.054371 4.088913
0.053868 4.0889
0.053369 4.110457
0.052875 4.110444
0.052386 4.110431
0.0519 4.132101
0.052385 4.153912
0.052385 4.175824
0.052874 4.175837
0.053368 4.197878
0.053866 4.197892
0.054369 4.220049
0.054877 4.220062
0.055389 4.220076
0.055907 4.220089
0.056429 4.220102
0.056956 4.220115
0.057488 4.220127
0.058025 4.220142
0.058567 4.220155
0.059114 4.220168
0.059666 4.220181
0.060224 4.220194
0.060786 4.220208
0.061354 4.220221
0.061927 4.220234
0.062506 4.220247
0.06309 4.22026
0.063679 4.220274
0.064274 4.220287
0.064874 4.2203
0.06548 4.220313
0.066092 4.220326
0.066709 4.22034
0.067332 4.220353
0.067961 4.242629
0.068596 4.242642
0.069236 4.242656
0.069883 4.242669
0.070536 4.242682
0.071195 4.242694
0.07186 4.242709
0.072531 4.242722
0.073209 4.242735
0.073893 4.242748
0.074583 4.242762
0.075279 4.265156
0.075982 4.26517
0.076692 4.265183
0.077408 4.265196
0.078131 4.26521
0.078861 4.265223
0.079598 4.265236
0.080341 4.26525
0.081092 4.265263
0.081849 4.265276
0.082614 4.26529
0.083386 4.265303
0.084165 4.265315
0.08495 4.28783
0.085744 4.287843
0.086545 4.287857
0.087353 4.28787
0.088169 4.287883
0.088993 4.287897
0.089824 4.28791
0.090663 4.287924
0.09151 4.287936
0.092365 4.28795
0.093228 4.287964
0.094098 4.287977
0.094977 4.28799
0.095864 4.310624
0.09676 4.310637
0.097663 4.310651
0.098576 4.310664
0.099497 4.310678
0.100426 4.310691
0.101364 4.310705
0.102311 4.310718
0.103267 4.310732
0.104231 4.310745
0.105205 4.310759
0.106188 4.310772
0.107179 4.310786
0.10818 4.333539
0.10919 4.333553
0.11021 4.333566
0.11124 4.33358
0.112279 4.333594
0.113328 4.333607
0.114386 4.333621
0.115455 4.333634
0.116533 4.333648
0.117622 4.333661
0.118721 4.333675
0.11983 4.333688
0.120948 4.356563
0.122078 4.356576
0.123218 4.35659
0.124369 4.356604
0.125531 4.356617
0.126704 4.356631
0.127887 4.356644
0.129082 4.356658
0.130288 4.356672
0.131505 4.356685
0.132733 4.356698
0.133972 4.379695
0.135224 4.379709
0.136487 4.379722
0.137762 4.379736
0.139049 4.37975
0.140347 4.379763
0.141658 4.379777
0.142982 4.379791
0.144317 4.379805
0.145665 4.379818
0.147025 4.402936
0.148399 4.40295
0.149785 4.402963
0.151184 4.402978
0.152596 4.402991
0.154021 4.403005
0.15546 4.403019
0.156913 4.403033
0.158378 4.403046
0.159857 4.426287
0.16135 4.426301
0.162857 4.426315
0.164378 4.426328
0.165914 4.426342
0.167464 4.426356
0.169028 4.42637
0.170607 4.426384
0.1722 4.449748
0.173808 4.449762
0.175432 4.449775
0.17707 4.449789
0.178723 4.449803
0.180394 4.449817
0.182078 4.449831
0.183779 4.473319
0.185495 4.473333
0.187228 4.473347
0.188977 4.473361
0.190741 4.496972
0.192523 4.496986
0.194321 4.496999
0.196137 4.497014
0.197968 4.520751
0.199817 4.520765
0.201682 4.544627
0.203566 4.544641
0.205468 4.544656
0.205466 4.568629
0.207384 4.592744
0.20932 4.616986
0.209319 4.641341
0.209318 4.665825
0.209317 4.690437
0.209316 4.71518
0.209314 4.740054
0.207376 4.765044
0.205456 4.790165
0.203553 4.815419
0.201668 4.815404
0.199803 4.815389
0.197954 4.815374
0.196121 4.84076
0.194306 4.840745
0.192507 4.84073
0.190726 4.840714
0.188961 4.8407
0.187212 4.840685
0.185479 4.84067
0.183763 4.840654
0.182061 4.866174
0.180376 4.866159
0.178707 4.866144
0.177053 4.866129
0.175415 4.866114
0.17379 4.891768
0.172182 4.891753
0.170588 4.891737
0.16901 4.891722
0.167444 4.917511
0.165895 4.917495
0.16436 4.917479
0.162838 4.917465
0.16133 4.94339
0.159837 4.943375
0.158358 4.943359
0.156892 4.969421
0.15544 4.969405
0.154001 4.96939
0.154 4.995604
0.152574 5.021941
0.151161 5.048416
0.152572 5.075064
0.153998 5.075079
0.155435 5.101867
0.156887 5.101883
0.158352 5.128812
0.159831 5.128828
0.161324 5.128844
0.162831 5.128861
0.164352 5.128877
0.165887 5.128893
0.167437 5.128909
0.169001 5.128925
0.170579 5.128941
0.172173 5.128957
0.173781 5.128973
0.175403 5.156045
0.177042 5.156061
0.178696 5.156077
0.180365 5.156093
0.18205 5.156109
0.18375 5.156126
0.185466 5.183341
0.187198 5.183357
0.188947 5.183374
0.190712 5.18339
0.192493 5.183406
0.194291 5.183422
0.196105 5.210782
0.197937 5.210798
0.199786 5.210814
0.201652 5.210831
0.203536 5.210847
0.205437 5.210863
0.207355 5.238368
0.209292 5.238384
0.211247 5.238401
0.21322 5.238417
0.215212 5.238433
0.217222 5.23845
0.219251 5.238466
0.221298 5.266116
0.223365 5.266133
0.225451 5.266149
0.227557 5.266166
0.229683 5.266182
0.231828 5.266199
0.233993 5.293995
0.236178 5.294012
0.238385 5.294028
0.240611 5.294045
0.242859 5.294061
0.245127 5.294078
0.247417 5.294094
0.249727 5.322038
0.25206 5.322055
0.254414 5.322072
0.256791 5.322088
0.259189 5.322105
0.26161 5.322121
0.264054 5.322138
0.266521 5.322155
0.26901 5.322171
0.271523 5.322188
0.274058 5.35028
0.276618 5.350297
0.279202 5.350314
0.28181 5.35033
0.284441 5.350347
0.287099 5.350364
0.289781 5.35038
0.292488 5.350397
0.29522 5.350414
0.297978 5.350431
0.30076 5.378672
0.303569 5.378689
0.306405 5.378705
0.309267 5.378722
0.312155 5.378739
0.315072 5.378756
0.318015 5.378773
0.320985 5.37879
0.323984 5.378806
0.32701 5.378823
0.330065 5.37884
0.333148 5.378857
0.336258 5.407248
0.339399 5.407265
0.342569 5.407282
0.345769 5.407299
0.348999 5.407316
0.352259 5.407333
0.355549 5.407349
0.358871 5.407366
0.362223 5.407383
0.365607 5.4074
0.369022 5.407417
0.372469 5.407434
0.375946 5.435976
0.379458 5.435993
0.383002 5.43601
0.38658 5.436027
0.390191 5.436043
0.393836 5.436061
0.397515 5.436078
0.401228 5.436095
0.404976 5.436112
0.408758 5.436129
0.412577 5.436146
0.416428 5.46484
0.420318 5.464857
0.424244 5.464874
0.428207 5.464891
0.432207 5.464907
0.436245 5.464925
0.44032 5.464942
0.444433 5.464959
0.448583 5.464976
0.452774 5.464993
0.457004 5.46501
0.46127 5.493856
0.465579 5.493874
0.469928 5.493891
0.474318 5.493908
0.478748 5.493925
0.48322 5.493942
0.487731 5.52294
0.492287 5.522958
0.496886 5.522975
0.501526 5.522993
0.506209 5.552144
0.510938 5.552162
0.51571 5.552179
0.520528 5.552197
0.52539 5.552214
0.520525 5.581486
0.515707 5.581468
0.515704 5.610911
0.510929 5.640492
0.5062 5.640474
0.501516 5.640457
0.496874 5.640439
0.492276 5.640421
0.48772 5.640404
0.483206 5.640386
0.478734 5.640369
0.474304 5.640351
0.469914 5.640333
0.465565 5.640315
0.461257 5.640298
0.456988 5.64028
0.452759 5.640263
0.448566 5.669998
0.444415 5.669981
0.440302 5.669963
0.436227 5.669945
0.43219 5.669927
0.42819 5.66991
0.424227 5.669892
0.420301 5.669874
0.416412 5.669857
0.412558 5.669839
0.408737 5.69973
0.404955 5.699712
0.401206 5.699695
0.397494 5.699676
0.393815 5.699659
0.390171 5.699641
0.38656 5.699622
0.382982 5.699606
0.379438 5.699587
0.375926 5.69957
0.372447 5.699552
0.368998 5.7296
0.365583 5.729582
0.3622 5.729563
0.358848 5.729546
0.355527 5.729528
0.352237 5.729511
0.348977 5.729493
0.345747 5.729474
0.342547 5.729457
0.339377 5.729439
0.336236 5.72942
0.333125 5.729403
0.330042 5.729385
0.326985 5.759591
0.323958 5.759573
0.320961 5.759555
0.317991 5.759537
0.315048 5.759519
0.312132 5.759501
0.309244 5.759483
0.306382 5.759465
0.303545 5.759447
0.300737 5.759429
0.297954 5.759411
0.295196 5.759393
0.292464 5.759375
0.289756 5.789738
0.287074 5.78972
0.284418 5.789702
0.281785 5.789684
0.279178 5.789666
0.276594 5.789648
0.274033 5.78963
0.271498 5.78961
0.268986 5.789593
0.266496 5.789575
0.26403 5.789556
0.261585 5.789539
0.259164 5.820062
0.256765 5.820043
0.254389 5.820025
0.252035 5.820007
0.249702 5.819989
0.247392 5.819971
0.245102 5.819952
0.242834 5.819934
0.240586 5.819916
0.23836 5.819898
0.236154 5.81988
0.233968 5.819861
0.231802 5.850544
0.229656 5.850526
0.227531 5.850507
0.225425 5.850489
0.223339 5.850471
0.221272 5.850452
0.219224 5.850434
0.217196 5.850416
0.215186 5.850398
0.213194 5.850379
0.21122 5.881222
0.209265 5.881203
0.207327 5.91221
0.205407 5.943379
0.203506 5.943361
0.201622 5.974694
0.199756 5.974675
0.201622 5.974694
0.203505 5.974713
0.205406 5.974731
0.207325 5.97475
0.209261 5.974769
0.211216 5.974787
0.213189 5.974806
0.215181 5.974825
0.217191 5.974844
0.219219 5.974862
0.221267 5.97488
0.223334 5.974899
0.22542 5.974918
0.227526 5.974937
0.229651 5.974956
0.231796 5.974974
0.233962 5.974993
0.236146 5.975012
0.238353 5.975029
0.240578 5.975049
0.242827 5.975068
0.245095 5.975086
0.247384 5.975105
0.249695 5.975124
0.252028 5.975142
0.254382 5.975161
0.256758 5.97518
0.259157 5.975198
0.261577 5.975217
0.264021 5.975236
0.266487 5.975254
0.268975 5.975273
0.271487 6.006812
0.274023 6.006831
0.276583 6.00685
0.279166 6.006869
0.281774 6.006888
0.284406 6.006906
0.287063 6.006925
0.289744 6.006944
0.292451 6.006963
0.295183 6.006981
0.29794 6.007
0.300723 6.007019
0.303532 6.007038
0.306368 6.007057
0.309229 6.007075
0.312118 6.007094
0.315033 6.007113
0.317976 6.007132
0.320946 6.00715
0.323944 6.007169
0.326969 6.038877
0.330023 6.038896
0.333106 6.038915
0.336217 6.038933
0.339358 6.038952
0.342528 6.038971
0.345727 6.03899
0.348957 6.039009
0.352215 6.039028
0.355507 6.039047
0.358827 6.039066
0.362179 6.039085
0.365562 6.039102
0.368977 6.039122
0.372424 6.039141
0.375903 6.03916
0.379414 6.039179
0.382958 6.039198
0.386535 6.039217
0.390146 6.039236
0.393788 6.071112
0.397466 6.071131
0.401179 6.07115
0.404927 6.071169
0.408709 6.071188
0.412526 6.071207
0.41638 6.071226
0.42027 6.071245
0.424196 6.071264
0.428158 6.071283
0.432158 6.071302
0.436194 6.071321
0.440269 6.07134
0.444382 6.071359
0.448533 6.071378
0.452722 6.071397
0.456951 6.071416
0.461217 6.103463
0.465525 6.103482
0.469874 6.103501
0.474263 6.10352
0.478693 6.103539
0.483165 6.103558
0.487678 6.103577
0.492233 6.103596
0.496831 6.103616
0.501472 6.103635
0.506157 6.103654
0.510885 6.103673
0.515657 6.103692
0.520474 6.103711
0.525335 6.10373
0.530243 6.103749
0.535196 6.103768
0.540192 6.135986
0.545238 6.136005
0.550331 6.136024
0.555472 6.136043
0.56066 6.136062
0.565898 6.136082
0.571184 6.136101
0.576519 6.13612
0.581904 6.136139
0.587337 6.168528
0.592823 6.168547
0.598361 6.168566
0.60395 6.168585
0.609592 6.168605
0.615286 6.168623
0.621033 6.168642
0.626834 6.168663
0.63269 6.168682
0.638596 6.201242
0.644561 6.201261
0.650582 6.201281
0.656655 6.234013
0.662789 6.234032
0.668981 6.234052
0.675225 6.266957
0.681533 6.266977
0.687895 6.300056
0.694321 6.300075
0.687895 6.300056
0.681529 6.300036
0.675222 6.300016
0.668973 6.299997
0.662782 6.299977
0.656648 6.299957
0.650571 6.299938
0.64455 6.299918
0.638585 6.299898
0.632671 6.333111
0.626816 6.333091
0.621014 6.333072
0.615268 6.333052
0.609573 6.333032
0.603933 6.333012
0.598339 6.3664
0.592803 6.36638
0.587316 6.36636
0.581881 6.36634
0.576496 6.36632
0.571161 6.366301
0.565875 6.366281
0.560635 6.399843
0.555445 6.399824
0.550306 6.399804
0.545213 6.399784
0.540166 6.399764
0.535168 6.399744
0.530215 6.399724
0.525305 6.433463
0.520444 6.433443
0.515626 6.433423
0.510854 6.433403
0.506127 6.433383
0.501443 6.433363
0.496802 6.433342
0.492202 6.467258
0.487647 6.467239
0.483134 6.467219
0.478663 6.467198
0.474233 6.467178
0.469841 6.501272
0.465493 6.501253
0.461185 6.501233
0.456914 6.535507
0.452686 6.535487
0.448496 6.535466
0.444343 6.569921
0.444341 6.604579
0.440226 6.639398
0.444335 6.674443
0.448483 6.709673
0.448481 6.745067
0.45267 6.745088
0.456896 6.780691
0.461161 6.816482
0.465469 6.816503
0.469817 6.816524
0.474206 6.816545
0.478635 6.816567
0.483103 6.852547
0.487616 6.852568
0.492168 6.888738
0.496765 6.88876
0.501403 6.92512
0.506087 6.925142
0.510813 6.925164
0.515583 6.961717
0.520398 6.961739
0.525259 6.96176
0.530163 6.998507
0.535116 6.998529
0.540114 6.99855
0.545156 7.035491
0.550249 7.035513
0.555388 7.035535
0.560573 7.072671
0.56581 7.072693
0.571095 7.072715
0.576426 7.110047
0.581807 7.147576
0.587242 7.147598
0.592727 7.14762
0.592724 7.185325
0.598257 7.223251
0.603842 7.261378
0.603839 7.299683
0.603835 7.33819
