0.8194 0.101
0.8152 0.101
0.8111 0.1016
0.807 0.1016
0.8029 0.1021
0.7988 0.1021
0.7948 0.1027
0.7908 0.1027
0.7868 0.1033
0.7828 0.1033
0.7788 0.1039
0.7749 0.1039
0.7709 0.1044
0.767 0.1044
0.7631 0.105
0.7593 0.105
0.7553 0.1056
0.7516 0.1056
0.7478 0.1062
0.744 0.1062
0.7403 0.1062
0.7365 0.1068
0.7328 0.1068
0.729 0.1068
0.7254 0.1068
0.7217 0.1074
0.7181 0.1074
0.7144 0.1074
0.7107 0.108
0.7072 0.108
0.7036 0.1086
0.7001 0.1086
0.6965 0.1092
0.693 0.1092
0.6895 0.1098
0.686 0.1098
0.6825 0.1105
0.6791 0.1105
0.6756 0.1111
0.6722 0.1111
0.6688 0.1117
0.6654 0.1117
0.662 0.1123
0.6587 0.113
0.6554 0.113
0.652 0.1136
0.6487 0.1136
0.6455 0.1142
0.6421 0.1142
0.6389 0.1149
0.6357 0.1155
0.6324 0.1155
0.6293 0.1162
0.6261 0.1162
0.6229 0.1168
0.6198 0.1175
0.6166 0.1175
0.6135 0.1181
0.6104 0.1188
0.6073 0.1188
0.6042 0.1195
0.6012 0.1195
0.5981 0.1201
0.5951 0.1208
0.592 0.1208
0.5891 0.1215
0.5861 0.1215
0.5831 0.1222
0.5802 0.1222
0.5773 0.1229
0.5743 0.1229
0.5714 0.1235
0.5685 0.1235
0.5657 0.1242
0.5628 0.1242
0.5598 0.1249
0.5571 0.1249
0.5543 0.1256
0.5514 0.1256
0.5487 0.1263
0.5459 0.127
0.5431 0.1278
0.5404 0.1278
0.5377 0.1285
0.5349 0.1285
0.5322 0.1292
0.5295 0.1292
0.5268 0.1299
0.5242 0.1299
0.5215 0.1307
0.5189 0.1307
0.5163 0.1307
0.5135 0.1314
0.511 0.1314
0.5085 0.1314
0.5059 0.132
0.5032 0.132
0.5008 0.1329
0.4982 0.1329
0.4957 0.1329
0.4932 0.1336
0.4907 0.1344
0.4882 0.1344
0.4858 0.1351
0.4833 0.1351
0.4808 0.1359
0.4784 0.1366
0.476 0.1366
0.4736 0.1374
0.4712 0.1374
0.4687 0.1381
0.4664 0.139
0.4641 0.1397
0.4617 0.1397
0.4594 0.1405
0.457 0.1413
0.4546 0.1421
0.4524 0.1421
0.4501 0.1429
0.4479 0.1437
0.4456 0.1437
0.4433 0.1445
0.4411 0.1445
0.4389 0.1453
0.4365 0.1461
0.4344 0.1461
0.4322 0.147
0.43 0.147
0.4279 0.1478
0.4257 0.1478
0.4235 0.1478
0.4214 0.1486
0.4193 0.1486
0.4171 0.1486
0.415 0.1494
0.4129 0.1494
0.4108 0.1494
0.4088 0.1503
0.4067 0.1503
0.4046 0.1511
0.4026 0.1511
0.4005 0.152
0.3985 0.152
0.3965 0.152
0.3945 0.1528
0.3925 0.1528
0.3905 0.1537
0.3885 0.1537
0.3866 0.1545
0.3846 0.1545
0.3827 0.1554
0.3807 0.1562
0.3788 0.1562
0.3769 0.1572
0.375 0.1572
0.3731 0.158
0.3712 0.1589
0.3693 0.1589
0.3674 0.1598
0.3656 0.1607
0.3637 0.1616
0.3618 0.1616
0.3599 0.1625
0.3599 0.1634
0.3582 0.1644
0.3564 0.1653
0.3546 0.1662
0.3528 0.1662
0.351 0.1671
0.3492 0.1681
0.3475 0.1681
0.3457 0.169
0.3439 0.17
0.3422 0.17
0.3405 0.1709
0.3388 0.1709
0.337 0.1709
0.3353 0.1709
0.3336 0.1709
0.332 0.1719
0.3303 0.1719
0.3286 0.1719
0.3269 0.1719
0.3253 0.1719
0.3235 0.1729
0.322 0.1738
0.3204 0.1738
0.3187 0.1748
0.3171 0.1758
0.3155 0.1768
0.3139 0.1768
0.3123 0.1778
0.3108 0.1788
0.3092 0.1798
0.3075 0.1798
0.3061 0.1808
0.3045 0.1818
0.303 0.1828
0.3014 0.1838
0.2999 0.1838
0.2984 0.1849
0.2969 0.1859
0.2953 0.1859
0.2939 0.187
0.2924 0.187
0.2909 0.187
0.2894 0.188
0.288 0.188
0.2865 0.188
0.2851 0.1891
0.2836 0.1891
0.2822 0.1901
0.2808 0.1901
0.2793 0.1912
0.2779 0.1923
0.2765 0.1923
0.2751 0.1933
0.2737 0.1944
0.2723 0.1944
0.271 0.1955
0.2696 0.1966
0.2682 0.1966
0.2669 0.1966
0.2655 0.1977
0.2642 0.1977
0.2628 0.1988
0.2615 0.1988
0.2602 0.1999
0.2589 0.1999
0.2575 0.2011
0.2575 0.2022
0.2562 0.2033
0.2549 0.2045
0.2549 0.2056
0.2537 0.2068
0.2524 0.2079
0.2524 0.2091
0.2511 0.2103
0.2498 0.2115
0.2498 0.2126
0.2498 0.2138
0.2486 0.215
0.2473 0.2162
0.246 0.2175
0.2448 0.2175
0.2436 0.2175
0.2423 0.2175
0.2411 0.2187
0.2399 0.2187
0.2387 0.2187
0.2375 0.2187
0.2363 0.2187
0.2351 0.2187
0.2351 0.2199
0.2339 0.2211
0.2327 0.2224
0.2315 0.2236
0.2303 0.2248
0.2292 0.2261
0.228 0.2261
0.2269 0.2274
0.2257 0.2287
0.2246 0.23
0.2234 0.2313
0.2223 0.2313
0.2212 0.2326
0.22 0.2339
0.2189 0.2352
0.2178 0.2352
0.2167 0.2365
0.2156 0.2378
0.2145 0.2392
0.2134 0.2392
0.2124 0.2405
0.2113 0.2419
0.2102 0.2419
0.2092 0.2432
0.2081 0.2446
0.207 0.246
0.207 0.2473
0.206 0.2487
0.206 0.2501
0.206 0.2515
0.206 0.2529
0.205 0.2529
0.205 0.2544
0.205 0.2558
0.2039 0.2572
0.2039 0.2587
0.2029 0.2601
0.2019 0.2616
0.2008 0.263
0.1998 0.2645
0.1988 0.266
0.1978 0.2675
0.1968 0.269
0.1958 0.2705
0.1948 0.272
0.1948 0.2735
0.1938 0.2751
0.1938 0.2766
0.1928 0.2782
0.1919 0.2797
0.1919 0.2812
0.1909 0.2829
0.1909 0.2845
0.1899 0.2861
0.189 0.2877
0.188 0.2877
0.1871 0.2893
0.1861 0.2909
0.1861 0.2925
0.1852 0.2942
0.1852 0.2958
0.1842 0.2974
0.1842 0.2992
0.1833 0.3009
0.1833 0.3025
0.1833 0.3042
0.1833 0.3059
0.1833 0.3077
0.1833 0.3094
0.1833 0.3111
0.1833 0.3129
0.1833 0.3146
0.1833 0.3164
0.1833 0.3182
0.1833 0.32
0.1833 0.3216
0.1833 0.3235
0.1833 0.3254
0.1833 0.3272
0.1833 0.329
0.1824 0.3309
0.1824 0.3327
0.1824 0.3346
0.1824 0.3365
0.1824 0.3384
0.1824 0.3403
0.1814 0.3422
0.1814 0.3441
0.1814 0.346
0.1814 0.3479
0.1814 0.3498
0.1814 0.3519
0.1814 0.3538
0.1824 0.3558
0.1824 0.3578
0.1833 0.3598
0.1833 0.3618
0.1842 0.3639
0.1842 0.3659
0.1852 0.3679
0.1852 0.37
0.1861 0.3721
0.1861 0.3742
0.1871 0.3763
0.188 0.3784
0.189 0.3806
0.189 0.3827
0.1899 0.3848
0.1909 0.387
0.1909 0.3892
0.1919 0.3913
0.1928 0.3935
0.1938 0.3958
0.1948 0.398
0.1958 0.4002
0.1968 0.4024
0.1978 0.4024
0.1988 0.4047
0.1998 0.407
0.2008 0.407
0.2019 0.407
0.2019 0.4093
0.2029 0.4093
0.2039 0.4093
0.205 0.4116
0.206 0.4139
0.207 0.4162
0.2081 0.4162
0.2092 0.4184
0.2102 0.4209
0.2113 0.4209
0.2124 0.4232
0.2134 0.4256
0.2145 0.428
0.2156 0.428
0.2167 0.4304
0.2178 0.4304
0.2189 0.4328
0.22 0.4328
0.2212 0.4352
0.2223 0.4352
0.2234 0.4352
0.2246 0.4377
0.2257 0.4377
0.2269 0.4401
0.228 0.4426
0.2292 0.4451
0.2303 0.4451
0.2315 0.4476
0.2327 0.4501
0.2339 0.4526
0.2351 0.4526
0.2363 0.4551
0.2375 0.4551
0.2387 0.4577
0.2399 0.4577
0.2411 0.4577
0.2423 0.4577
0.2436 0.4577
0.2448 0.4577
0.246 0.4603
0.2473 0.4628
0.2486 0.4654
0.2498 0.4681
0.2511 0.468
0.2524 0.4707
0.2537 0.4733
0.2549 0.476
0.2562 0.4786
0.2575 0.4813
0.2589 0.484
0.2602 0.4867
0.2615 0.4867
0.2628 0.4895
0.2642 0.4922
0.2655 0.4922
0.2669 0.495
0.2682 0.4978
0.2696 0.4978
0.271 0.5005
0.2723 0.5034
0.2723 0.5062
0.2737 0.509
0.2751 0.5119
0.2765 0.5147
0.2779 0.5175
0.2779 0.5205
0.2779 0.5234
0.2793 0.5234
0.2793 0.5264
0.2793 0.5293
0.2808 0.5323
0.2808 0.5352
0.2808 0.5383
0.2808 0.5413
0.2808 0.5444
0.2808 0.5474
0.2808 0.5505
0.2808 0.5535
0.2808 0.5567
0.2808 0.5598
0.2793 0.563
0.2779 0.5661
0.2779 0.5693
0.2765 0.5725
0.2751 0.5756
0.2737 0.5789
0.2737 0.5822
0.2723 0.5854
0.271 0.5887
0.2696 0.5887
0.2682 0.592
0.2669 0.5954
0.2655 0.5987
0.2642 0.6021
0.2628 0.6021
0.2615 0.6054
0.2602 0.6054
0.2602 0.6088
0.2589 0.6088
0.2589 0.6122
0.2575 0.6122
0.2562 0.6122
0.2549 0.6157
0.2537 0.6192
0.2524 0.6192
0.2511 0.6226
0.2498 0.6261
0.2486 0.6261
0.2473 0.6296
0.246 0.6332
0.2448 0.6332
0.2436 0.6367
0.2423 0.6367
0.2411 0.6402
0.2399 0.6402
0.2387 0.6439
0.2375 0.6439
0.2363 0.6475
0.2351 0.6475
0.2339 0.6511
0.2327 0.6548
0.2315 0.6548
0.2303 0.6585
0.2292 0.6585
0.228 0.6622
0.2269 0.6622
0.2257 0.6659
0.2246 0.6696
0.2234 0.6696
0.2223 0.6734
0.2212 0.6734
0.22 0.6772
0.2189 0.6772
0.2178 0.681
0.2167 0.681
0.2156 0.6848
0.2145 0.6848
0.2134 0.6886
0.2124 0.6886
0.2113 0.6925
0.2102 0.6925
0.2092 0.6964
0.2081 0.6964
0.207 0.6964
0.206 0.7003
0.205 0.7003
0.2039 0.7042
0.2029 0.7042
0.2019 0.7042
0.2008 0.7082
0.1998 0.7082
0.1988 0.7122
0.1978 0.7122
0.1968 0.7162
0.1958 0.7162
0.1948 0.7162
0.1938 0.7202
0.1928 0.7202
0.1919 0.7242
0.1909 0.7242
0.1899 0.7283
0.189 0.7283
0.188 0.7324
0.1871 0.7324
0.1861 0.7365
0.1852 0.7365
0.1842 0.7406
0.1833 0.7406
0.1824 0.7406
0.1814 0.7448
0.1804 0.7448
0.1796 0.749
0.1787 0.749
0.1778 0.749
0.1769 0.7532
0.176 0.7532
0.1751 0.7574
0.1742 0.7574
0.1733 0.7574
0.1724 0.7617
0.1716 0.7617
0.1707 0.7659
0.1699 0.7659
0.169 0.7702
0.1681 0.7702
0.1673 0.7746
0.1663 0.7746
0.1656 0.7746
0.1648 0.7789
0.1639 0.7789
0.1631 0.7833
0.1623 0.7833
0.1615 0.7833
0.1606 0.7877
0.1598 0.7877
0.159 0.7921
0.1582 0.7921
0.1574 0.7966
0.1566 0.7966
0.1558 0.801
0.155 0.801
0.1542 0.8054
0.1535 0.8054
0.1527 0.8054
0.1519 0.81
0.1511 0.81
0.1504 0.8101
0.1496 0.8101
0.1489 0.8146
0.1481 0.8146
0.1474 0.8146
0.1466 0.8192
0.1459 0.8192
0.1451 0.8237
0.1444 0.8237
0.1437 0.8237
0.1429 0.8284
0.1421 0.8284
0.1415 0.8331
0.1408 0.8331
0.1401 0.8331
0.1394 0.8331
0.1386 0.8377
0.1379 0.8377
0.1372 0.8377
0.1366 0.8424
0.1359 0.8424
0.1352 0.8472
0.1345 0.8472
0.1338 0.8472
0.1331 0.8519
0.1325 0.8519
0.1318 0.8519
0.1311 0.8567
0.1305 0.8567
0.1298 0.8567
0.1291 0.8615
0.1285 0.8615
0.1278 0.8615
0.1272 0.8664
0.1265 0.8664
0.1259 0.8664
0.1253 0.8664
0.1246 0.8712
0.124 0.8712
0.1234 0.8712
0.1227 0.8761
0.1221 0.8761
0.1215 0.8761
0.1209 0.8761
0.1203 0.8761
0.1197 0.8761
0.1191 0.881
0.1185 0.881
0.1179 0.881
0.1173 0.881
0.1167 0.881
0.1161 0.886
0.1155 0.886
0.1149 0.891
0.1143 0.891
0.1137 0.896
0.1132 0.896
0.1126 0.896
0.112 0.901
0.1115 0.901
0.1109 0.901
0.1103 0.9061
0.1098 0.9061
0.1092 0.9061
0.1087 0.9061
0.1081 0.9061
0.1076 0.9111
0.107 0.9112
0.1065 0.9112
0.1059 0.9112
0.1054 0.9163
0.1049 0.9163
0.1043 0.9163
0.1038 0.9163
0.1033 0.9163
0.1028 0.9214
0.1022 0.9214
0.1017 0.9214
0.1012 0.9214
0.1007 0.9214
0.1002 0.9214
0.0997 0.9214
0.0992 0.9214
0.0987 0.9266
0.0982 0.9266
0.0977 0.9266
0.0972 0.9266
0.0967 0.9266
0.0962 0.9318
0.0957 0.9318
0.0952 0.9318
0.0947 0.937
0.0943 0.937
0.0937 0.937
0.0933 0.9423
0.0928 0.9423
0.0924 0.9423
0.0919 0.9423
0.0914 0.9476
0.091 0.9476
0.0905 0.9476
0.0901 0.9476
0.0896 0.9476
0.0892 0.9476
0.0887 0.9529
0.0883 0.9529
0.0878 0.9529
0.0874 0.9529
0.0869 0.9529
0.0865 0.9529
0.086 0.9583
0.0856 0.9583
0.0852 0.9583
0.0847 0.9583
0.0843 0.9583
0.0839 0.9637
0.0835 0.9637
0.083 0.9637
0.0826 0.9637
0.0822 0.9691
0.0818 0.9691
0.0814 0.9691
0.081 0.9691
0.0805 0.9745
0.0801 0.9745
0.0796 0.9745
0.0793 0.9745
0.0789 0.98
0.0785 0.98
0.0781 0.98
0.0777 0.98
0.0773 0.9855
0.0769 0.9855
0.0766 0.9855
0.0762 0.9855
0.0758 0.9855
0.0754 0.991
0.075 0.991
0.0746 0.991
0.0743 0.991
0.0739 0.991
0.0735 0.991
0.0731 0.991
0.0728 0.9966
0.0724 0.9966
0.072 0.9966
0.0717 0.9966
0.0713 0.9966
0.0709 0.9966
0.0706 0.9966
0.0702 0.9966
0.0699 0.9966
0.0695 1.0022
0.0692 1.0022
0.0688 1.0022
0.0685 1.0022
0.0681 1.0022
0.0678 1.0022
0.0674 1.0078
0.0671 1.0078
0.0668 1.0078
0.0664 1.0078
0.0661 1.0079
0.0657 1.0135
0.0654 1.0135
0.0651 1.0135
0.0648 1.0135
0.0644 1.0192
0.0641 1.0192
0.0638 1.0192
0.0634 1.0192
0.0631 1.0249
0.0628 1.0249
0.0625 1.0249
0.0622 1.0307
0.0619 1.0307
0.0615 1.0307
0.0612 1.0365
0.0609 1.0365
0.0606 1.0365
0.0603 1.0423
0.06 1.0423
0.0597 1.0423
0.0594 1.0481
0.0591 1.0481
0.0588 1.0481
0.0585 1.054
0.0582 1.054
0.0579 1.054
0.0576 1.054
0.0573 1.054
0.057 1.054
0.0567 1.054
0.0565 1.054
0.0562 1.0482
0.0559 1.0482
0.0556 1.0482
0.0553 1.0482
0.055 1.0482
0.0548 1.0541
0.0545 1.0541
0.0542 1.06
0.0539 1.06
0.0537 1.06
0.0534 1.0659
0.0531 1.0659
0.0529 1.0719
0.0526 1.0779
0.0523 1.0779
0.0521 1.084
0.0518 1.0901
0.0515 1.0962
0.0513 1.1023
0.051 1.1085
0.0507 1.1147
0.0505 1.121
0.0505 1.1273
0.0502 1.1336
0.0502 1.14
0.0502 1.1464
0.0502 1.1528
0.0502 1.1593
0.0502 1.1658
0.0502 1.1723
0.0502 1.1789
0.0502 1.1855
0.0502 1.1922
0.0502 1.1989
0.0505 1.1989
0.0507 1.2056
0.051 1.2056
0.0513 1.2123
0.0515 1.2123
0.0518 1.2123
0.0521 1.2191
0.0523 1.2191
0.0526 1.226
0.0529 1.226
0.0531 1.2328
0.0534 1.2328
0.0537 1.2328
0.0539 1.2328
0.0542 1.2328
0.0545 1.2328
0.0548 1.2328
0.055 1.2398
0.0553 1.2398
0.0556 1.2397
0.0559 1.2397
0.0562 1.2397
0.0565 1.2467
0.0567 1.2467
0.057 1.2467
0.0573 1.2467
0.0576 1.2537
0.0579 1.2537
0.0582 1.2537
0.0585 1.2537
0.0588 1.2607
0.0591 1.2607
0.0594 1.2607
0.0597 1.2607
0.06 1.2678
0.0603 1.2678
0.0606 1.2678
0.0609 1.2749
0.0612 1.2749
0.0615 1.2749
0.0619 1.2749
0.0622 1.2749
0.0625 1.2749
0.0628 1.282
0.0631 1.282
0.0634 1.282
0.0638 1.282
0.0641 1.282
0.0644 1.2892
0.0648 1.2892
0.0651 1.2892
0.0654 1.2964
0.0657 1.2964
0.0661 1.2964
0.0664 1.3037
0.0668 1.3037
0.0671 1.3037
0.0674 1.311
0.0678 1.311
0.0681 1.311
0.0685 1.311
0.0688 1.3184
0.0692 1.3184
0.0695 1.3184
0.0699 1.3184
0.0702 1.3258
0.0706 1.3258
0.0709 1.3258
0.0713 1.3258
0.0717 1.3332
0.072 1.3332
0.0724 1.3332
0.0728 1.3332
0.0731 1.3332
0.0735 1.3332
0.0739 1.3407
0.0743 1.3407
0.0746 1.3407
0.075 1.3407
0.0754 1.3407
0.0758 1.3482
0.0762 1.3482
0.0766 1.3482
0.0769 1.3482
0.0773 1.3482
0.0777 1.3482
0.0781 1.3557
0.0785 1.3557
0.0789 1.3557
0.0793 1.3557
0.0796 1.3557
0.0801 1.3557
0.0805 1.3633
0.081 1.3633
0.0814 1.3633
0.0818 1.371
0.0822 1.371
0.0826 1.371
0.083 1.371
0.0835 1.3786
0.0839 1.3786
0.0843 1.3786
0.0847 1.3864
0.0852 1.3864
0.0856 1.3864
0.086 1.3941
0.0865 1.3941
0.0869 1.3941
0.0874 1.402
0.0878 1.402
0.0883 1.402
0.0887 1.4098
0.0892 1.4098
0.0896 1.4098
0.0901 1.4098
0.0905 1.4177
0.091 1.4177
0.0914 1.4177
0.0919 1.4257
0.0924 1.4257
0.0928 1.4257
0.0933 1.4257
0.0937 1.4337
0.0943 1.4337
0.0947 1.4417
0.0952 1.4417
0.0957 1.4417
0.0962 1.4498
0.0967 1.4498
0.0972 1.4498
0.0977 1.4579
0.0982 1.4579
0.0987 1.4661
0.0992 1.4661
0.0997 1.4743
0.1002 1.4743
0.1007 1.4826
0.1012 1.4909
0.1017 1.4909
0.1022 1.4993
0.1028 1.4993
0.1033 1.5077
0.1038 1.5161
0.1043 1.5161
0.1049 1.5246
0.1054 1.5332
0.1059 1.5332
0.1065 1.5417
0.1065 1.5504
0.1065 1.5591
0.1059 1.5678
0.1054 1.5767
0.1049 1.5855
0.1043 1.5944
0.1043 1.6034
0.1038 1.6124
0.1033 1.6214
0.1028 1.6305
0.1022 1.6305
0.1017 1.6397
0.1012 1.6397
0.1007 1.6397
0.1002 1.6489
0.0997 1.6489
0.0992 1.6582
0.0987 1.6582
0.0982 1.6582
0.0977 1.6582
0.0972 1.6582
0.0967 1.6675
0.0962 1.6675
0.0957 1.6675
0.0952 1.6768
0.0947 1.6768
0.0943 1.6768
0.0937 1.6863
0.0933 1.6863
0.0928 1.6863
0.0924 1.6863
0.0919 1.6957
0.0914 1.6957
0.091 1.6957
0.0905 1.6957
0.0901 1.7052
0.0896 1.7053
0.0892 1.7053
0.0887 1.7053
0.0883 1.7147
0.0878 1.7147
0.0874 1.7147
0.0869 1.7245
0.0865 1.7245
0.086 1.7245
0.0856 1.7341
0.0852 1.7341
0.0847 1.7341
0.0843 1.7439
0.0839 1.7439
0.0835 1.7439
0.083 1.7439
0.0826 1.7537
0.0822 1.7537
0.0818 1.7537
0.0814 1.7635
0.081 1.7635
0.0805 1.7635
0.0801 1.7635
0.0796 1.7635
0.0793 1.7734
0.0789 1.7734
0.0785 1.7734
0.0781 1.7833
0.0777 1.7833
0.0773 1.7833
0.0769 1.7833
0.0766 1.7934
0.0762 1.7934
0.0758 1.7934
0.0758 1.8035
0.0754 1.8035
0.075 1.8035
0.0746 1.8136
0.0743 1.8136
0.0739 1.8136
0.0735 1.8136
0.0731 1.8237
0.0728 1.8237
0.0724 1.834
0.072 1.834
0.0717 1.8443
0.0713 1.8443
0.0709 1.8547
0.0706 1.8547
0.0702 1.8651
0.0699 1.8651
0.0695 1.8651
0.0692 1.8756
0.0688 1.8756
0.0685 1.886
0.0681 1.8967
0.0678 1.9073
0.0674 1.918
0.0671 1.918
0.0668 1.9181
0.0664 1.9287
0.0661 1.9396
0.0661 1.9505
0.0657 1.9615
0.0654 1.9725
0.0651 1.9836
0.0648 1.9947
0.0644 2.0059
0.0644 2.0171
0.0644 2.0285
0.0644 2.0398
0.0641 2.0513
0.0641 2.0628
0.0638 2.0744
0.0638 2.086
0.0634 2.0977
0.0631 2.1095
0.0628 2.1213
0.0625 2.1213
0.0622 2.1333
0.0619 2.1452
0.0615 2.1573
0.0612 2.1573
0.0609 2.1694
0.0606 2.1816
0.0603 2.1938
0.06 2.2061
0.0597 2.2061
0.0594 2.2061
0.0591 2.2185
0.0588 2.2185
0.0585 2.231
0.0582 2.2435
0.0579 2.2435
0.0576 2.2435
0.0573 2.2435
0.057 2.2561
0.0567 2.2561
0.0565 2.2561
0.0562 2.2561
0.0559 2.2688
0.0556 2.2688
0.0553 2.2814
0.055 2.2814
0.0548 2.2943
0.0545 2.3072
0.0542 2.3072
0.0539 2.3201
0.0537 2.3332
0.0534 2.3463
0.0534 2.3594
0.0531 2.3727
0.0529 2.386
0.0526 2.386
0.0523 2.3994
0.0521 2.3994
0.0518 2.4128
0.0515 2.4128
0.0513 2.4264
0.051 2.4264
0.0507 2.44
0.0505 2.44
0.0505 2.4537
0.0507 2.4537
0.051 2.4675
0.0513 2.4675
0.051 2.4537
0.051 2.44
0.0513 2.4537
0.0515 2.4675
0.0518 2.4813
0.0521 2.4813
0.0523 2.4813
0.0526 2.4813
0.0529 2.4952
0.0531 2.4952
0.0534 2.4952
0.0537 2.4952
0.0539 2.5091
0.0542 2.5091
0.0545 2.5091
0.0548 2.5232
0.055 2.5232
0.0553 2.5373
0.0556 2.5373
0.0559 2.5516
0.0562 2.5516
0.0565 2.5516
0.0567 2.5659
0.057 2.5659
0.0573 2.5659
0.0576 2.5803
0.0579 2.5803
0.0582 2.5803
0.0585 2.5803
0.0588 2.5803
0.0591 2.5803
0.0594 2.5803
0.0597 2.5803
0.06 2.5948
0.0603 2.5948
0.0606 2.5948
0.0609 2.5948
0.0612 2.5948
0.0615 2.5948
0.0619 2.6093
0.0622 2.6093
0.0625 2.6093
0.0628 2.6093
0.0631 2.6093
0.0634 2.6093
0.0638 2.6093
0.0641 2.6093
0.0644 2.6239
0.0648 2.6239
0.0651 2.6239
0.0654 2.6239
0.0657 2.6239
0.0661 2.6239
0.0664 2.6239
0.0668 2.6385
0.0671 2.6385
0.0674 2.6385
0.0678 2.6385
0.0681 2.6385
0.0685 2.6534
0.0688 2.6534
0.0692 2.6534
0.0695 2.6534
0.0699 2.6534
0.0702 2.6534
0.0706 2.6534
0.0709 2.6683
0.0713 2.6832
0.0717 2.6832
0.072 2.6832
0.0724 2.6832
0.0728 2.6832
0.0731 2.6832
0.0735 2.6832
0.0739 2.6983
0.0743 2.6983
0.0746 2.6983
0.075 2.6983
0.0754 2.6983
0.0758 2.7134
0.0762 2.7134
0.0766 2.7134
0.0769 2.7134
0.0773 2.7286
0.0777 2.7286
0.0781 2.7286
0.0785 2.7286
0.0789 2.7286
0.0793 2.7439
0.0796 2.7439
0.0801 2.7439
0.0805 2.7439
0.081 2.7593
0.0814 2.7593
0.0818 2.7593
0.0822 2.7593
0.0826 2.7591
0.083 2.7747
0.0835 2.7747
0.0839 2.7747
0.0843 2.7747
0.0847 2.7903
0.0852 2.7903
0.0856 2.7903
0.086 2.7903
0.0865 2.8058
0.0869 2.8058
0.0874 2.8058
0.0878 2.8216
0.0883 2.8216
0.0887 2.8216
0.0892 2.8216
0.0896 2.8375
0.0901 2.8375
0.0905 2.8534
0.091 2.8534
0.091 2.8694
0.091 2.8855
0.0914 2.9017
0.0914 2.918
0.0914 2.9343
0.0914 2.9508
0.0914 2.9674
0.0914 2.984
0.0914 3.0007
0.0914 3.0176
0.091 3.0176
0.0905 3.0345
0.0901 3.0345
0.0896 3.0516
0.0892 3.0516
0.0887 3.0516
0.0883 3.0516
0.0878 3.0687
0.0874 3.0687
0.0869 3.0687
0.0865 3.0687
0.086 3.0687
0.0856 3.0687
0.0852 3.0687
0.0847 3.086
0.0843 3.086
0.0839 3.086
0.0835 3.086
0.083 3.1033
0.0826 3.1033
0.0822 3.1033
0.0818 3.1033
0.0814 3.1033
0.081 3.1207
0.0805 3.1207
0.0801 3.1207
0.0796 3.1207
0.0793 3.1208
0.0789 3.1383
0.0785 3.1383
0.0781 3.1383
0.0777 3.1559
0.0773 3.1559
0.0769 3.1559
0.0766 3.1559
0.0762 3.1559
0.0758 3.1559
0.0754 3.1559
0.075 3.1736
0.0746 3.1736
0.0743 3.1736
0.0739 3.1915
0.0735 3.1915
0.0731 3.1915
0.0728 3.2094
0.0724 3.2094
0.072 3.2094
0.0717 3.2274
0.0713 3.2274
0.0709 3.2274
0.0706 3.2455
0.0702 3.2455
0.0699 3.2455
0.0695 3.2638
0.0692 3.2638
0.0688 3.2821
0.0685 3.2821
0.0681 3.3005
0.0678 3.3005
0.0674 3.319
0.0671 3.319
0.0671 3.3377
0.0671 3.3564
0.0671 3.3752
0.0671 3.3942
0.0671 3.4132
0.0671 3.4324
0.0671 3.4516
0.0671 3.471
0.0671 3.4905
0.0671 3.5101
0.0674 3.5297
0.0678 3.5297
0.0681 3.5495
0.0685 3.5695
0.0688 3.5694
0.0692 3.5895
0.0695 3.6096
0.0699 3.6299
0.0702 3.6298
0.0706 3.6502
0.0709 3.6502
0.0713 3.6707
0.0717 3.6707
0.072 3.6707
0.0724 3.6913
0.0728 3.6913
0.0728 3.712
0.0731 3.7328
0.0735 3.7537
0.0739 3.7748
0.0743 3.7748
0.0746 3.796
0.075 3.796
0.0754 3.8172
0.0758 3.8172
0.0762 3.8387
0.0766 3.8601
0.0769 3.8601
0.0773 3.8818
0.0777 3.8818
0.0781 3.9036
0.0785 3.9036
0.0789 3.9255
0.0793 3.9255
0.0796 3.9255
0.0801 3.9475
0.0805 3.9697
0.081 3.9696
0.0814 3.9919
0.0818 3.9919
0.0818 4.0143
0.0822 4.0143
0.0826 4.0368
0.083 4.0368
0.0835 4.0368
0.0839 4.0368
0.0843 4.0368
0.0847 4.0594
0.0852 4.0822
0.0856 4.0822
0.0856 4.1051
0.086 4.1051
0.0865 4.1051
0.0869 4.1051
0.0874 4.1051
0.0878 4.1051
0.0883 4.1051
0.0887 4.1051
0.0892 4.1051
0.0896 4.1051
0.0901 4.1051
0.0905 4.105
0.091 4.105
0.0914 4.128
0.0919 4.128
0.0924 4.128
0.0928 4.128
0.0933 4.128
0.0937 4.1512
0.0943 4.1512
0.0947 4.1512
0.0952 4.1512
0.0957 4.1512
0.0962 4.1512
0.0967 4.1512
0.0972 4.1743
0.0977 4.1743
0.0982 4.1743
0.0987 4.1743
0.0992 4.1743
0.0997 4.1743
0.1002 4.1743
0.1007 4.1978
0.1012 4.1978
0.1017 4.1978
0.1022 4.1978
0.1028 4.2214
0.1033 4.2214
0.1038 4.2213
0.1043 4.2213
0.1049 4.245
0.1054 4.245
0.1059 4.245
0.1065 4.2688
0.107 4.2688
0.1076 4.2688
0.1081 4.2688
0.1087 4.2927
0.1092 4.2927
0.1098 4.2927
0.1103 4.2927
0.1109 4.3168
0.1115 4.3168
0.112 4.3168
0.1126 4.3168
0.1132 4.3168
0.1137 4.341
0.1143 4.341
0.1149 4.341
0.1155 4.341
0.1161 4.341
0.1167 4.341
0.1173 4.3653
0.1179 4.3653
0.1185 4.3653
0.1191 4.3653
0.1197 4.3898
0.1203 4.3898
0.1209 4.3898
0.1215 4.3898
0.1221 4.4144
0.1227 4.4144
0.1234 4.4144
0.124 4.4144
0.1246 4.4391
0.1253 4.4391
0.1259 4.4391
0.1265 4.4391
0.1272 4.464
0.1278 4.464
0.1285 4.464
0.1291 4.4889
0.1298 4.4889
0.1305 4.5142
0.1311 4.5142
0.1318 4.5394
0.1311 4.5394
0.1305 4.565
0.1305 4.5394
0.1298 4.565
0.1291 4.5906
0.1285 4.6164
0.1278 4.6164
0.1272 4.6164
0.1265 4.6423
0.1259 4.6423
0.1253 4.6423
0.1246 4.6684
0.124 4.6684
0.1234 4.6684
0.1227 4.6684
0.1221 4.6945
0.1215 4.6945
0.1209 4.6945
0.1203 4.6947
0.1197 4.721
0.1191 4.721
0.1185 4.721
0.1179 4.721
0.1173 4.7475
0.1167 4.7475
0.1161 4.7475
0.1155 4.7475
0.1149 4.7742
0.1143 4.7742
0.1137 4.7742
0.1132 4.7742
0.1126 4.7742
0.112 4.801
0.1115 4.801
0.1109 4.801
0.1103 4.8279
0.1098 4.8279
0.1092 4.8279
0.1087 4.8279
0.1081 4.8551
0.1076 4.8551
0.107 4.8551
0.1065 4.8824
0.1059 4.8824
0.1054 4.8824
0.1049 4.8824
0.1043 4.8824
0.1038 4.8824
0.1033 4.8824
0.1028 4.8824
0.1022 4.9098
0.1017 4.9098
0.1012 4.9098
0.1007 4.9099
0.1002 4.9099
0.0997 4.9099
0.0992 4.9099
0.0987 4.9099
0.0982 4.9099
0.0977 4.9374
0.0972 4.9375
0.0967 4.9375
0.0962 4.9375
0.0957 4.9375
0.0952 4.9375
0.0947 4.9375
0.0943 4.9375
0.0937 4.9375
0.0933 4.9375
0.0928 4.9651
0.0924 4.9651
0.0919 4.9651
0.0914 4.9653
0.091 4.9653
0.0905 4.9653
0.0901 4.9653
0.0896 4.9653
0.0892 4.9653
0.0887 4.9653
0.0883 4.9653
0.0878 4.9653
0.0874 4.9653
0.0869 4.9653
0.0865 4.9653
0.086 4.9653
0.0856 4.9654
0.0852 4.9654
0.0847 4.9654
0.0843 4.9931
0.0839 4.9931
0.0835 5.0213
0.083 5.0213
0.0826 5.0213
0.0822 5.0213
0.0818 5.0213
0.0814 5.0213
0.081 5.0213
0.0814 4.9933
0.0818 4.9933
0.0818 5.0213
0.0818 5.0495
0.0822 5.0495
0.0826 5.0495
0.0826 5.0213
0.0822 4.9933
0.0826 4.9933
0.083 4.9933
0.083 5.0213
0.083 5.0495
0.0835 5.0493
0.0839 5.0493
0.0843 5.0778
0.0847 5.0778
0.0852 5.0777
0.0856 5.0777
0.086 5.0777
0.0865 5.0777
0.0869 5.0777
0.0874 5.0777
0.0878 5.0777
0.0883 5.0777
0.0887 5.1062
0.0892 5.1062
0.0896 5.1062
0.0901 5.1062
0.0905 5.1061
0.091 5.1061
0.0914 5.1061
0.0919 5.1061
0.0924 5.1061
0.0928 5.1061
0.0933 5.1061
0.0937 5.1061
0.0943 5.1061
0.0947 5.1061
0.0952 5.1061
0.0957 5.1347
0.0962 5.1347
0.0967 5.1347
0.0972 5.1347
0.0977 5.1347
0.0982 5.1347
0.0987 5.1347
0.0992 5.1347
0.0997 5.1346
0.1002 5.1346
0.1007 5.1634
0.1012 5.1634
0.1017 5.1634
0.1022 5.1634
0.1028 5.1634
0.1033 5.1634
0.1038 5.1634
0.1043 5.1634
0.1049 5.1634
0.1054 5.1634
0.1059 5.1634
0.1065 5.1923
0.107 5.1923
0.1076 5.1923
0.1081 5.1923
0.1087 5.1923
0.1092 5.1923
0.1098 5.1923
0.1103 5.1923
0.1109 5.1923
0.1115 5.2214
0.112 5.2214
0.1126 5.2214
0.1132 5.2214
0.1137 5.2214
0.1143 5.2214
0.1149 5.2213
0.1155 5.2213
0.1161 5.2213
0.1167 5.2213
0.1173 5.2213
0.1179 5.2213
0.1185 5.2506
0.1191 5.2506
0.1197 5.2506
0.1203 5.2506
0.1209 5.2506
0.1215 5.28
0.1221 5.28
0.1227 5.28
0.1234 5.28
0.124 5.28
0.1246 5.28
0.1253 5.28
0.1259 5.28
0.1265 5.28
0.1272 5.2799
0.1278 5.2799
0.1285 5.2799
0.1291 5.2799
0.1298 5.2799
0.1305 5.2799
0.1311 5.2799
0.1318 5.2799
0.1325 5.2799
0.1331 5.2799
0.1338 5.2799
0.1345 5.2799
0.1352 5.3094
0.1359 5.3094
0.1366 5.3094
0.1372 5.3094
0.1379 5.3094
0.1386 5.3094
0.1394 5.3094
0.1401 5.3094
0.1408 5.3094
0.1415 5.3094
0.1421 5.3094
0.1429 5.3094
0.1437 5.3094
0.1444 5.3094
0.1451 5.3094
0.1459 5.3093
0.1466 5.3093
0.1474 5.3093
0.1481 5.3093
0.1489 5.3093
0.1496 5.3093
0.1504 5.3093
0.1511 5.3093
0.1519 5.3093
0.1527 5.3093
0.1535 5.3093
0.1542 5.3391
0.155 5.339
0.1558 5.339
0.1566 5.339
0.1574 5.339
0.1582 5.339
0.159 5.339
0.1598 5.339
0.1606 5.339
0.1615 5.339
0.1623 5.339
0.1631 5.339
0.1639 5.339
0.1648 5.3389
0.1656 5.3389
0.1663 5.3389
0.1673 5.3389
0.1681 5.3389
0.169 5.3389
0.1699 5.3389
0.1707 5.3389
0.1716 5.3389
0.1724 5.3389
0.1733 5.3389
0.1742 5.3389
0.1751 5.3388
0.176 5.3388
0.1769 5.3688
0.1778 5.3688
0.1787 5.3688
0.1796 5.3688
0.1804 5.3688
0.1814 5.3687
0.1824 5.3687
0.1833 5.3687
0.1842 5.3988
0.1852 5.3988
0.1861 5.3988
0.1871 5.3988
0.188 5.3988
0.189 5.3988
0.1899 5.3988
0.1909 5.4291
0.1919 5.4291
0.1928 5.4291
0.1938 5.4291
0.1948 5.429
0.1958 5.429
0.1968 5.429
0.1978 5.4595
0.1988 5.4595
0.1998 5.4595
0.2008 5.4595
0.2019 5.4901
0.2029 5.4901
0.2039 5.4901
0.205 5.4901
0.206 5.5209
0.207 5.5209
0.2081 5.5208
0.2092 5.5208
0.2102 5.5518
0.2113 5.5518
0.2124 5.5518
0.2134 5.5829
0.2145 5.5829
0.2156 5.5829
0.2167 5.6141
0.2178 5.6141
0.2189 5.6141
0.22 5.6457
0.2212 5.6457
0.2223 5.6774
0.2234 5.6774
0.2246 5.6774
0.2257 5.7092
0.2269 5.7092
0.228 5.7412
0.2292 5.7412
0.2303 5.7734
0.2303 5.8058
0.2315 5.8058
0.2315 5.8384
0.2327 5.8711
0.2339 5.8711
0.2339 5.8384
0.2327 5.8384
0.2327 5.8058
0.2315 5.8384
0.2315 5.8711
0.2315 5.9041
0.2303 5.9041
0.2292 5.9041
0.228 5.9372
0.2269 5.9373
0.2257 5.9373
0.2246 5.9706
0.2234 5.9706
0.2223 5.9706
0.2212 5.9706
0.22 5.9706
0.2189 5.9706
0.2178 5.9706
0.2167 5.9707
0.2156 5.9707
0.2145 6.0042
0.2134 6.0042
0.2124 6.0042
0.2113 6.0042
0.2102 6.0042
0.2092 6.0042
0.2081 6.0042
0.207 6.0379
0.206 6.0379
0.205 6.038
0.2039 6.038
0.2029 6.038
0.2019 6.038
0.2008 6.038
0.1998 6.038
0.1988 6.038
0.1978 6.0719
0.1968 6.0719
0.1958 6.0719
0.1948 6.0719
0.1938 6.0719
0.1928 6.0719
0.1919 6.072
0.1909 6.072
0.1899 6.072
0.189 6.072
0.188 6.072
0.1871 6.072
0.1861 6.1061
0.1852 6.1061
0.1842 6.1061
0.1833 6.1061
0.1824 6.1061
0.1814 6.1061
0.1804 6.1061
0.1796 6.1061
0.1787 6.1062
0.1778 6.1062
0.1769 6.1062
0.176 6.1062
0.1751 6.1062
0.1742 6.1062
0.1733 6.1062
0.1724 6.1062
0.1716 6.1062
0.1707 6.1062
0.1707 6.1405
0.1699 6.1405
0.169 6.1405
0.1681 6.1405
0.1673 6.1405
0.1663 6.1406
0.1656 6.1406
0.1648 6.1406
0.1639 6.1406
0.1631 6.1406
0.1623 6.1406
0.1615 6.1406
0.1606 6.1406
0.1598 6.1406
0.159 6.1406
0.1582 6.1406
0.1574 6.1407
0.1566 6.1407
0.1558 6.1407
0.155 6.1407
0.1542 6.1407
0.1535 6.1407
0.1527 6.1407
0.1519 6.1407
0.1511 6.1752
0.1504 6.1752
0.1496 6.1752
0.1489 6.1752
0.1481 6.1752
0.1474 6.1752
0.1466 6.1752
0.1459 6.1753
0.1459 6.1408
0.1466 6.1408
0.1474 6.1408
0.1481 6.1408
0.1481 6.1752
0.1481 6.2099
0.1489 6.2099
0.1496 6.2099
0.1504 6.2098
0.1511 6.2447
0.1519 6.2447
0.1527 6.2447
0.1535 6.2447
0.1542 6.2446
0.155 6.2446
0.1558 6.2797
0.1566 6.2797
0.1566 6.3149
0.1574 6.3149
0.1582 6.3149
0.159 6.3149
0.1598 6.3149
0.1606 6.3148
0.1615 6.3148
0.1623 6.3148
0.1631 6.3148
0.1639 6.3148
0.1648 6.3148
0.1656 6.3148
0.1663 6.3148
0.1673 6.3502
0.1681 6.3502
0.169 6.3502
0.1699 6.3858
0.1707 6.3858
0.1716 6.4216
0.1724 6.4216
0.1733 6.4216
0.1742 6.4576
0.1751 6.4576
0.176 6.4576
0.1769 6.4576
0.1778 6.4938
0.1787 6.4938
0.1796 6.4938
0.1804 6.4938
0.1814 6.4938
0.1824 6.4938
0.1833 6.4938
0.1842 6.4937
0.1852 6.4937
0.1861 6.4937
0.1871 6.4937
0.188 6.4937
0.189 6.4937
0.1899 6.4937
0.1909 6.4937
0.1919 6.4937
0.1928 6.4937
0.1938 6.4936
0.1948 6.4936
0.1958 6.4936
0.1968 6.4936
0.1978 6.4936
0.1988 6.4936
0.1998 6.4936
0.2008 6.4936
0.2019 6.4936
0.2029 6.4936
0.2039 6.4935
0.205 6.4935
0.206 6.4935
0.207 6.4935
0.2081 6.4935
0.2092 6.4935
0.2102 6.4935
0.2113 6.4935
0.2124 6.4935
0.2134 6.5299
0.2145 6.5299
0.2156 6.5299
0.2167 6.5299
0.2178 6.5299
0.2189 6.5298
0.22 6.5298
0.2212 6.5298
0.2223 6.5298
0.2234 6.5298
0.2246 6.5298
0.2257 6.5298
0.2269 6.5298
0.228 6.5298
0.2292 6.5664
0.2303 6.5664
0.2315 6.5664
0.2327 6.5664
0.2339 6.5664
0.2351 6.5663
0.2363 6.5663
0.2375 6.5663
0.2387 6.5663
0.2399 6.5663
0.2411 6.5663
0.2423 6.5663
0.2436 6.5663
0.2448 6.5663
0.246 6.5663
0.2473 6.5662
0.2486 6.5662
0.2498 6.5662
0.2511 6.5662
0.2524 6.603
0.2537 6.603
0.2549 6.603
0.2562 6.603
0.2575 6.603
0.2589 6.603
0.2602 6.603
0.2615 6.603
0.2628 6.603
0.2642 6.64
0.2655 6.64
0.2669 6.64
0.2682 6.64
0.2696 6.64
0.271 6.64
0.2723 6.6399
0.2737 6.6772
0.2751 6.6772
0.2765 6.6772
0.2779 6.7146
0.2793 6.7146
0.2808 6.7146
0.2822 6.7146
0.2836 6.7523
0.2851 6.7523
0.2865 6.7522
0.288 6.7522
0.2894 6.7522
0.2909 6.7901
0.2924 6.7901
0.2924 6.8282
0.2939 6.8282
0.2924 6.8282
0.2909 6.8665
0.2894 6.8665
0.288 6.8665
0.2865 6.9051
0.2851 6.9051
0.2836 6.9051
0.2822 6.9439
0.2808 6.9439
0.2793 6.9439
0.2779 6.9828
0.2765 6.9828
0.2751 6.9828
0.2737 6.9828
0.2723 7.0221
0.271 7.0221
0.2696 7.0221
0.2682 7.0615
0.2669 7.0615
0.2655 7.0615
0.2642 7.0615
0.2628 7.1012
0.2615 7.1012
0.2602 7.1012
0.2589 7.1012
0.2575 7.1012
0.2562 7.1012
0.2549 7.1411
0.2537 7.1411
0.2524 7.1411
0.2511 7.1411
0.2498 7.1411
0.2486 7.1411
0.2473 7.1412
0.246 7.1412
0.2448 7.1813
0.2436 7.1813
0.2423 7.1813
0.2423 7.2216
0.2411 7.2621
0.2399 7.2621
0.2387 7.3029
0.2375 7.3439
0.2375 7.3851
0.2363 7.3851
0.2363 7.4264
0.2351 7.4682
0.2339 7.4682
0.2339 7.5101
0.2327 7.5523
0.2339 7.5523
0.2351 7.5946
0.2363 7.5946
0.2351 7.5523
0.2363 7.5522
0.2375 7.5946
0.2387 7.5946
0.2399 7.5946
0.2411 7.5946
0.2423 7.5946
0.2436 7.6372
0.2448 7.6372
0.246 7.6371
0.2473 7.6371
0.2486 7.6371
0.2498 7.6371
0.2511 7.6371
0.2524 7.6371
0.2537 7.6799
0.2549 7.6799
0.2562 7.6799
0.2575 7.6799
0.2589 7.6799
0.2602 7.6799
0.2615 7.6799
0.2628 7.6798
0.2642 7.6798
0.2655 7.6798
0.2669 7.6798
0.2682 7.6798
0.2696 7.6798
0.271 7.6798
0.2723 7.6798
0.2737 7.7227
0.2751 7.7227
0.2765 7.7227
0.2779 7.7661
0.2793 7.7661
0.2808 7.7661
0.2822 7.7661
0.2836 7.7661
0.2851 7.7661
0.2865 7.7661
0.288 7.7661
0.2894 7.766
0.2909 7.766
0.2924 7.8096
0.2939 7.8096
0.2953 7.8096
0.2969 7.8096
0.2984 7.8096
0.2999 7.8534
0.3014 7.8533
0.303 7.8974
0.3045 7.8974
0.3061 7.8974
0.3075 7.8974
0.3092 7.8974
0.3108 7.8973
0.3123 7.8973
0.3139 7.9416
0.3155 7.9416
0.3171 7.9862
0.3187 8.031
0.3187 8.076
0.3204 8.1213
0.3204 8.1669
0.322 8.2127
0.3235 8.2588
0.3253 8.2588
0.3269 8.3051
0.3286 8.3051
0.3303 8.3517
0.332 8.3985
0.3336 8.3985
0.3353 8.3985
0.337 8.3985
0.3388 8.3985
0.3405 8.3985
0.3422 8.3985
0.3439 8.3984
0.3457 8.3984
0.3475 8.3984
0.3492 8.4455
0.351 8.4455
0.3528 8.4455
0.3546 8.4455
0.3564 8.4455
0.3582 8.4455
0.3599 8.4455
0.3618 8.4454
0.3637 8.4454
0.3656 8.4454
0.3674 8.4928
0.3693 8.4928
0.3712 8.4928
0.3731 8.4928
0.375 8.4927
0.3769 8.5404
0.3788 8.5404
0.3807 8.5404
0.3827 8.5403
0.3846 8.5403
0.3866 8.5403
0.3885 8.5403
0.3905 8.5882
0.3925 8.5882
0.3945 8.5882
0.3965 8.5882
0.3985 8.5882
0.4005 8.6362
0.4026 8.6362
0.4046 8.6362
0.4067 8.6848
0.4088 8.6846
0.4108 8.6846
0.4129 8.7335
0.415 8.7334
0.4171 8.7334
0.4193 8.7824
0.4214 8.7824
0.4235 8.7824
0.4235 8.8317
0.4214 8.8812
0.4214 8.8317
0.4193 8.8813
0.4193 8.9311
0.4171 8.9811
0.415 9.0316
0.4129 9.0823
0.4129 9.1333
0.4129 9.1844
0.4129 9.2361
0.4129 9.2879
0.415 9.2879
0.4171 9.2879
0.4193 9.2879
0.4214 9.34
0.4235 9.3399
0.4257 9.3399
0.4279 9.3399
0.43 9.3399
0.4322 9.3399
0.4344 9.3923
0.4365 9.3923
0.4389 9.3923
0.4411 9.3921
0.4433 9.3921
0.4456 9.3921
0.4479 9.4449
0.4501 9.4449
0.4524 9.4449
0.4546 9.4449
0.457 9.4447
0.4594 9.4447
0.4617 9.4978
0.4641 9.4978
0.4664 9.4978
0.4687 9.4978
0.4712 9.4977
0.4736 9.4977
0.476 9.551
0.4784 9.551
0.4808 9.551
0.4833 9.551
0.4858 9.551
0.4882 9.5509
0.4907 9.5509
0.4932 9.5509
0.4957 9.5509
0.4982 9.5509
0.5008 9.5509
0.5032 9.5508
0.5059 9.6044
0.5085 9.6044
0.511 9.6044
0.5135 9.6044
0.5163 9.6044
0.5189 9.6044
0.5215 9.6042
0.5242 9.6582
0.5268 9.6582
0.5295 9.6582
0.5322 9.6582
0.5349 9.7124
0.5377 9.7123
0.5404 9.7123
0.5431 9.7123
0.5459 9.7123
0.5487 9.7123
0.5514 9.7123
0.5543 9.7667
0.5571 9.7667
0.5598 9.7667
0.5628 9.7667
0.5657 9.7667
0.5685 9.7667
0.5714 9.7667
0.5743 9.7666
0.5773 9.7666
0.5802 9.7666
0.5831 9.7666
0.5861 9.7666
0.5891 9.7666
0.592 9.7665
0.5951 9.8213
0.5981 9.8213
0.6012 9.8213
0.6042 9.8213
0.6073 9.8213
0.6104 9.8213
0.6135 9.8212
0.6166 9.8763
0.6198 9.8763
0.6229 9.8763
0.6261 9.8763
0.6293 9.8763
0.6324 9.8763
0.6357 9.8761
0.6389 9.8761
0.6421 9.8761
0.6455 9.8761
0.6487 9.8761
0.652 9.9316
0.6554 9.9316
0.6587 9.9316
0.662 9.9315
0.6654 9.9315
0.6688 9.9315
