0.9506 1.9918
0.9447 1.9918
0.9388 2.0111
0.933 2.0111
0.9272 2.0305
0.9214 2.0305
0.9157 2.0305
0.91 2.0501
0.9043 2.0501
0.8988 2.07
0.8932 2.0699
0.8876 2.0699
0.882 2.09
0.8766 2.0899
0.8712 2.1102
0.8658 2.1101
0.8604 2.1101
0.8551 2.1305
0.8498 2.1512
0.8445 2.1511
0.8392 2.172
0.834 2.193
0.8288 2.2142
0.8237 2.2142
0.8186 2.2356
0.8135 2.2572
0.8084 2.2572
0.8034 2.2791
0.7984 2.3011
0.7934 2.3011
0.7885 2.3234
0.7835 2.3458
0.7788 2.3685
0.7739 2.3914
0.7691 2.4146
0.7644 2.4146
0.7596 2.4379
0.7549 2.4379
0.7502 2.4615
0.7455 2.4615
0.7409 2.4853
0.7363 2.5093
0.7317 2.5093
0.7271 2.5335
0.7227 2.5335
0.7182 2.5581
0.7137 2.5581
0.7093 2.5828
0.7048 2.5828
0.7005 2.6078
0.6962 2.6078
0.6918 2.633
0.6875 2.633
0.6833 2.633
0.679 2.6585
0.6747 2.6583
0.6705 2.6842
0.6665 2.6841
0.6623 2.7101
0.6582 2.7101
0.6541 2.7101
0.65 2.7363
0.646 2.7363
0.642 2.7627
0.638 2.7627
0.634 2.7894
0.6301 2.7894
0.6261 2.7894
0.6223 2.8164
0.6183 2.8437
0.6146 2.8436
0.6108 2.8712
0.607 2.8711
0.6032 2.8989
0.5995 2.8989
0.5957 2.9268
0.592 2.9268
0.5884 2.9552
0.5847 2.9552
0.5811 2.9552
0.5775 2.9838
0.5739 2.9838
0.5703 3.0126
0.5668 3.0418
0.5633 3.0418
0.5598 3.0418
0.5563 3.0712
0.5563 3.1009
0.5528 3.1009
0.5493 3.1309
0.5493 3.1612
0.546 3.1918
0.5426 3.2227
0.5392 3.2539
0.5359 3.2852
0.5326 3.3171
0.5292 3.3171
0.526 3.3492
0.5227 3.3816
0.5194 3.3816
0.5162 3.4143
0.5162 3.4473
0.513 3.4807
0.5098 3.5144
0.5067 3.5484
0.5034 3.5827
0.5004 3.6174
0.4973 3.6524
0.4942 3.6522
0.491 3.6522
0.4881 3.6522
0.4849 3.6876
0.4849 3.7233
0.482 3.7593
0.479 3.7593
0.479 3.7957
0.4761 3.8325
0.4731 3.8695
0.4702 3.907
0.4672 3.9447
0.4643 3.9447
0.4615 3.9828
0.4586 3.9828
0.4557 3.9828
0.4529 4.0214
0.4501 4.0603
0.4473 4.0603
0.4445 4.0996
0.4418 4.0995
0.4418 4.1392
0.4418 4.1793
0.439 4.2197
0.4363 4.2606
0.4363 4.3018
0.4336 4.3434
0.4309 4.3854
0.4282 4.4279
0.4282 4.4707
0.4256 4.514
0.4229 4.5577
0.4203 4.6018
0.4177 4.6463
0.4177 4.6913
0.4151 4.7367
0.4125 4.7825
0.41 4.8288
0.4074 4.8755
0.4049 4.8754
0.4024 4.9226
0.3999 4.9702
0.3974 4.9702
0.3949 5.0183
0.3925 5.0669
0.39 5.0668
0.3876 5.1158
0.3852 5.1653
0.3828 5.1653
0.3804 5.2153
0.378 5.2152
0.3757 5.2657
0.3757 5.3167
0.3734 5.3166
0.3734 5.3681
0.3711 5.4201
0.3711 5.4725
0.3688 5.5255
0.3688 5.579
0.3665 5.633
0.3665 5.6875
0.3665 5.7426
0.3665 5.7982
0.3642 5.8542
0.3642 5.9109
0.3642 5.9682
0.3642 6.0259
0.3642 6.0843
0.3642 6.1432
0.3665 6.2027
0.3665 6.2627
0.3688 6.3234
0.3688 6.3846
0.3688 6.4465
0.3711 6.5089
0.3711 6.5718
0.3734 6.6356
0.3734 6.6998
0.3734 6.7647
0.3734 6.8302
0.3757 6.8963
0.378 6.8963
0.378 6.9632
0.3805 6.9632
0.3828 7.0307
0.3828 7.0988
0.3828 7.1675
0.3852 7.2368
0.3876 7.307
0.3901 7.3778
0.3925 7.3779
0.3925 7.4493
0.395 7.4494
0.3974 7.5215
0.3999 7.5944
0.4024 7.668
0.4049 7.668
0.4049 7.7423
0.4075 7.7423
0.41 7.8173
0.4126 7.8174
0.4126 7.8931
0.4151 7.8931
0.4177 7.9696
0.4203 7.9696
0.4203 8.0468
0.423 8.0468
0.4256 8.1248
0.4283 8.1249
0.4283 8.2035
0.431 8.2036
0.4337 8.2036
0.4364 8.2037
0.4391 8.2832
0.4418 8.2832
0.4445 8.3635
0.4474 8.3635
0.4502 8.4445
0.453 8.5264
0.4558 8.609
0.4586 8.6924
0.4616 8.6924
0.4644 8.7766
0.4673 8.7767
0.4703 8.8617
0.4732 8.9476
0.4762 8.9476
0.4791 9.0343
0.4821 9.0344
0.4852 9.1219
0.4882 9.1219
0.4912 9.2104
0.4943 9.2995
0.4974 9.2995
0.5005 9.3897
0.5036 9.3898
0.5068 9.4808
0.51 9.4808
0.5131 9.5727
0.5164 9.5727
0.5196 9.6655
0.5228 9.6656
0.5261 9.7591
0.5293 9.7593
0.5327 9.8538
0.536 9.8538
0.5394 9.8538
0.5428 9.9494
0.5461 9.9495
0.5495 10.0459
0.553 10.0459
0.5565 10.046
0.5598 10.1433
0.5634 10.2416
0.567 10.2417
0.5705 10.3409
0.5741 10.3409
0.5777 10.341
0.5813 10.4412
0.5849 10.4413
0.5886 10.4413
0.5922 10.4414
0.5958 10.4415
0.5958 10.5426
0.5997 10.6447
0.6034 10.6448
0.6072 10.7479
0.611 10.748
0.6148 10.8521
0.6186 10.8521
0.6225 10.9573
0.6263 10.9574
0.6303 11.0635
0.6343 11.0636
0.6381 11.0637
0.6421 11.1709
0.6461 11.1709
0.6503 11.171
0.6543 11.2792
0.6583 11.2793
0.6625 11.3886
0.6667 11.3887
0.6709 11.3887
0.6751 11.3888
0.6793 11.3889
0.6835 11.389
0.6835 11.4992
0.6835 11.6106
0.6878 11.7229
0.6921 11.7231
0.6964 11.7231
0.6964 11.8367
0.7008 11.9514
0.7052 12.0672
0.7096 12.0672
0.714 12.0673
0.7185 12.0674
0.714 12.1841
0.7096 12.1841
0.7096 12.302
0.7052 12.3019
0.7008 12.421
0.6964 12.4209
0.6921 12.5411
0.6878 12.6623
0.6835 12.7849
0.6835 12.9087
0.6793 13.0336
0.6751 13.1597
0.6709 13.287
0.6709 13.4156
0.6667 13.5453
0.6625 13.6764
0.6625 13.8089
0.6585 13.9425
0.6585 14.0775
0.6543 14.2137
0.6543 14.3513
0.6503 14.4901
0.6503 14.6303
0.6463 14.6303
0.6423 14.7719
0.6423 14.9149
0.6383 15.0592
0.6343 15.2049
0.6343 15.3521
0.6303 15.5006
0.6265 15.6505
0.6226 15.802
0.6187 15.9548
0.6187 16.1094
0.6149 16.2652
0.611 16.4226
0.6073 16.5815
0.6073 16.742
0.6035 16.904
0.5997 17.0676
0.596 17.2327
0.5923 17.3994
0.5923 17.5678
0.5886 17.7378
0.585 17.9095
0.5813 18.0827
0.5777 18.2577
0.5741 18.4343
0.5742 18.6128
0.5706 18.7929
0.567 18.9747
0.567 19.1584
0.567 19.3439
0.567 19.5312
0.567 19.7203
0.567 19.9112
0.5671 20.104
0.5671 20.2986
0.5635 20.495
0.5635 20.6934
0.5635 20.8938
0.5635 21.0961
0.5635 21.3003
0.5671 21.5067
0.5671 21.7149
0.5706 21.9253
0.5706 22.1375
0.5742 22.3519
0.5742 22.5684
0.5742 22.7869
0.5777 23.0077
0.5777 23.2304
0.5777 23.4553
0.5814 23.6825
0.5814 23.9119
0.585 23.912
0.5887 23.9122
0.5924 23.9123
0.5924 24.1438
0.5924 24.3776
0.596 24.6138
0.5998 24.8521
0.6035 25.093
0.6073 25.3361
0.6111 25.5816
0.6111 25.8292
0.6111 26.0793
0.6149 26.332
0.6188 26.5871
0.6227 26.5872
0.6265 26.5874
0.6305 26.845
0.6305 27.1049
0.6305 27.3673
0.6305 27.6322
0.6305 27.8998
0.6343 27.9
0.6383 28.1703
0.6383 28.443
0.6423 28.4432
0.6463 28.7187
0.6463 28.9968
0.6503 29.2777
0.6545 29.5614
0.6545 29.8476
0.6585 30.1368
0.6585 30.4285
0.6627 30.4287
0.6627 30.7233
0.6669 30.7235
0.6627 30.7233
0.6585 31.0206
0.6545 31.0204
0.6503 31.3205
0.6463 31.6235
0.6423 31.6233
0.6383 31.9293
0.6383 32.2384
0.6343 32.5503
0.6305 32.8652
0.6266 33.1832
0.6227 33.5043
0.6188 33.8284
0.615 34.1557
0.615 34.4864
0.615 34.8203
0.615 35.1574
0.615 35.4978
0.615 35.8415
0.6188 36.1887
0.6188 36.5391
0.6188 36.8928
0.6188 37.25
0.6188 37.6106
0.6188 37.9748
0.6188 38.3424
0.6227 38.7139
0.6266 39.089
0.6305 39.4677
0.6305 39.8498
0.6305 40.2356
0.6345 40.6254
0.6345 41.0187
0.6383 41.019
0.6383 41.4161
0.6423 41.8174
0.6423 42.2222
0.6465 42.6313
0.6465 43.044
0.6423 43.4605
0.6423 43.8812
0.6385 44.3058
0.6345 44.7345
0.6305 45.1673
0.6305 45.6046
0.6266 46.0458
0.6266 46.4916
0.6227 46.9414
0.6227 47.3959
0.6227 47.8547
0.6189 48.3176
0.6189 48.7854
